Proyección Elástica V (5 secciones):
sección 0:
frontera (8 vértices):
   0.0, -90.0
   0.0,-135.0
 -45.0,-180.0
 -90.0,-180.0
 -90.0, -30.0
  90.0, -30.0
  90.0, -90.0
   0.0, -90.0
puntos proyectados (21x41 puntos):
 -5628.50, -7546.65, -5628.50, -7546.65, -5628.50, -7546.65, -5628.50, -7546.65, -5628.50, -7546.65, -5628.50, -7546.65, -5628.50, -7546.65, -5628.50, -7546.65, -5628.50, -7546.65, -5628.50, -7546.65, -5628.50, -7546.65, -5628.50, -7546.65, -5628.50, -7546.65, -5628.50, -7546.65, -5628.50, -7546.65, -5628.50, -7546.65, -5628.50, -7546.65, -5628.50, -7546.65, -5628.50, -7546.65, -5628.50, -7546.65, -5628.50, -7546.65, -5628.50, -7546.65, -5628.50, -7546.65, -5628.50, -7546.65, -5628.50, -7546.65, -5628.50, -7546.65, -5628.50, -7546.65, -5628.50, -7546.65, -5628.50, -7546.65, -5628.50, -7546.65, -5628.50, -7546.65, -5628.50, -7546.65, -5628.50, -7546.65, -5628.50, -7546.65, -5628.50, -7546.65, -5628.50, -7546.65, -5628.50, -7546.65, -5628.50, -7546.65, -5628.50, -7546.65, -5628.50, -7546.65, -5628.50, -7546.65
 -7049.11, -7657.19, -7023.75, -7494.11, -6969.64, -7336.48, -6888.23, -7187.17, -6780.01, -7048.37, -6643.22, -6921.49, -6481.30, -6808.84, -6306.12, -6713.44, -6118.80, -6637.03, -5920.60, -6581.09, -5712.96, -6546.69, -5497.46, -6534.52, -5275.81, -6544.85, -5049.74, -6577.64, -4820.96, -6632.60, -4591.18, -6709.35, -4362.07, -6807.50, -4159.91, -6862.29, -4107.19, -7027.15, -4172.62, -7241.18, -4244.17, -7442.45, -4324.96, -7631.82, -4417.44, -7809.19, -4523.36, -7973.64, -4643.67, -8123.63, -4778.55, -8257.19, -4927.35, -8372.15, -5088.67, -8466.40, -5260.42, -8538.07, -5440.02, -8585.75, -5624.55, -8608.60, -5811.03, -8606.48, -5996.62, -8579.86, -6178.91, -8529.81, -6356.06, -8457.85, -6526.99, -8365.76, -6691.51, -8255.40, -6850.37, -8128.46, -7005.31, -7986.33, -7043.83, -7822.36, -7049.11, -7657.19
 -8164.93, -7570.26, -8089.89, -7256.92, -7972.00, -6956.89, -7815.24, -6675.22, -7623.61, -6416.48, -7401.47, -6184.77, -7155.67, -5983.30, -6894.15, -5814.99, -6616.90, -5678.76, -6324.59, -5575.05, -6018.78, -5503.59, -5701.53, -5463.43, -5375.22, -5452.93, -5042.37, -5469.84, -4705.56, -5511.29, -4367.41, -5573.74, -4030.55, -5652.85, -3687.02, -5740.70, -3306.45, -6176.48, -3218.60, -6590.35, -3198.01, -7150.36, -3027.41, -7710.89, -3213.27, -8065.15, -3425.59, -8393.25, -3666.30, -8692.22, -3935.73, -8958.23, -4232.61, -9187.07, -4554.18, -9374.61, -4896.36, -9517.22, -5254.06, -9612.15, -5621.59, -9657.78, -5993.09, -9653.78, -6363.04, -9601.09, -6726.68, -9501.77, -7080.42, -9358.77, -7422.18, -9175.54, -7665.29, -8826.81, -8016.61, -8529.26, -8169.17, -8213.34, -8192.97, -7891.50, -8164.93, -7570.26
 -9183.31, -7400.64, -9056.54, -6952.71, -8876.62, -6525.41, -8647.98, -6124.92, -8375.74, -5757.23, -8067.75, -5428.50, -7742.90, -5146.64, -7428.76, -4926.75, -7087.25, -4748.82, -6721.74, -4613.22, -6336.02, -4519.28, -5933.87, -4465.21, -5518.80, -4448.23, -5093.94, -4464.85, -4662.04, -4511.16, -4225.39, -4583.23, -3785.92, -4677.47, -3344.82, -4790.73, -2722.91, -5231.76, -2429.80, -5703.37, -2111.58, -6671.37,      NaN,      NaN,      NaN,      NaN,      NaN,      NaN,      NaN,      NaN,      NaN,      NaN,      NaN,      NaN,      NaN,      NaN,      NaN,      NaN,      NaN,      NaN,      NaN,      NaN,      NaN,      NaN,      NaN,      NaN,      NaN,      NaN,      NaN,      NaN,      NaN,      NaN, -8937.17, -9111.20, -9213.44, -8796.67, -9287.83, -8333.97, -9252.03, -7862.75, -9183.31, -7400.64
-10164.12, -7185.42, -9989.59, -6618.20, -9755.05, -6077.96, -9463.67, -5571.02, -9120.30, -5104.40, -8734.49, -4686.80, -8337.32, -4333.57, -7967.08, -4067.16, -7557.64, -3852.15, -7117.28, -3690.25, -6652.92, -3580.96, -6170.14, -3521.56, -5673.47, -3507.44, -5166.44, -3533.03, -4651.69, -3592.68, -4130.98, -3681.28, -3605.40, -3794.78, -3075.57, -3930.65, -2651.77, -4118.89, -2444.57, -4358.17,      NaN,      NaN,      NaN,      NaN,      NaN,      NaN,      NaN,      NaN,      NaN,      NaN,      NaN,      NaN,      NaN,      NaN,      NaN,      NaN,      NaN,      NaN,      NaN,      NaN,      NaN,      NaN,      NaN,      NaN,      NaN,      NaN,      NaN,      NaN,      NaN,      NaN,      NaN,      NaN,      NaN,      NaN,-10329.04, -8900.87,-10338.43, -8377.79,-10275.97, -7773.38,-10164.12, -7185.42
-11123.60, -6937.15,-10908.72, -6267.83,-10627.02, -5628.45,-10280.90, -5025.72, -9874.91, -4467.93, -9419.86, -3967.50, -8965.08, -3558.27, -8517.85, -3234.99, -8026.55, -2977.52, -7503.68, -2788.65, -6958.08, -2667.61, -6396.14, -2609.55, -5822.75, -2606.09, -5241.49, -2647.93, -4654.61, -2726.42, -4063.05, -2834.51, -3466.60, -2967.05, -2864.17, -3121.04, -2276.53, -3285.20,      NaN,      NaN,      NaN,      NaN,      NaN,      NaN,      NaN,      NaN,      NaN,      NaN,      NaN,      NaN,      NaN,      NaN,      NaN,      NaN,      NaN,      NaN,      NaN,      NaN,      NaN,      NaN,      NaN,      NaN,      NaN,      NaN,      NaN,      NaN,      NaN,      NaN,      NaN,      NaN,      NaN,      NaN,      NaN,      NaN,-11406.47, -9040.94,-11350.02, -8336.19,-11270.22, -7629.03,-11123.60, -6937.15
-12075.67, -6675.93,-11825.65, -5915.06,-11501.54, -5185.20,-11106.65, -4494.07,-10645.22, -3850.99,-10130.08, -3272.90, -9613.06, -2803.04, -9064.32, -2410.92, -8478.80, -2103.79, -7867.52, -1886.57, -7239.23, -1758.04, -6599.86, -1710.16, -5954.22, -1726.86, -5306.05, -1792.82, -4657.16, -1895.37, -4007.44, -2025.13, -3355.25, -2175.82, -2697.73, -2343.79, -2053.51, -2519.23,      NaN,      NaN,      NaN,      NaN,      NaN,      NaN,      NaN,      NaN,      NaN,      NaN,      NaN,      NaN,      NaN,      NaN,      NaN,      NaN,      NaN,      NaN,      NaN,      NaN,      NaN,      NaN,      NaN,      NaN,      NaN,      NaN,      NaN,      NaN,      NaN,      NaN,      NaN,      NaN,      NaN,      NaN,      NaN,      NaN,-12423.98, -9047.94,-12354.93, -8259.80,-12249.78, -7459.77,-12075.67, -6675.93
-13031.03, -6407.51,-12746.05, -5560.31,-12381.12, -4745.75,-11941.47, -3972.95,-11428.88, -3250.04,-10852.20, -2597.33,-10234.37, -2035.82, -9580.99, -1567.74, -8897.79, -1206.08, -8195.49,  -960.56, -7484.90,  -831.13, -6770.36,  -808.03, -6056.53,  -858.12, -5348.46,  -957.64, -4647.48, -1089.58, -3952.01, -1242.87, -3258.75, -1410.64, -2563.27, -1588.90, -1879.81, -1771.49,      NaN,      NaN,      NaN,      NaN,      NaN,      NaN,      NaN,      NaN,      NaN,      NaN,      NaN,      NaN,      NaN,      NaN,      NaN,      NaN,      NaN,      NaN,      NaN,      NaN,      NaN,      NaN,      NaN,      NaN,      NaN,      NaN,      NaN,      NaN,      NaN,      NaN,      NaN,      NaN,      NaN,      NaN,      NaN,      NaN,-13441.05, -8968.76,-13346.47, -8147.44,-13223.77, -7274.26,-13031.03, -6407.51
-13979.61, -6017.11,-13671.59, -5169.57,-13264.82, -4291.13,-12781.07, -3447.03,-12212.48, -2644.30,-11531.49, -1887.05,-10814.41, -1232.73,-10059.95,  -684.73, -9274.92,  -261.90, -8475.85,    13.28, -7683.75,   136.95, -6896.37,   108.07, -6116.99,     6.16, -5356.29,  -137.59, -4613.91,  -303.81, -3885.49,  -481.75, -3165.31,  -665.29, -2447.39,  -850.79, -1741.27, -1036.88,      NaN,      NaN,      NaN,      NaN,      NaN,      NaN,      NaN,      NaN,      NaN,      NaN,      NaN,      NaN,      NaN,      NaN,      NaN,      NaN,      NaN,      NaN,      NaN,      NaN,      NaN,      NaN,      NaN,      NaN,      NaN,      NaN,      NaN,      NaN,      NaN,      NaN,      NaN,      NaN,      NaN,      NaN,      NaN,      NaN,      NaN,      NaN,-14322.49, -7973.80,-14188.89, -7076.01,-14000.93, -6198.00
-14928.77, -5583.80,-14571.73, -4612.15,-14151.42, -3774.28,-13614.16, -2860.93,-12924.94, -1933.45,-12168.06, -1115.84,-11364.54,  -384.77,-10507.78,   248.54, -9605.50,   748.63, -8690.85,  1061.06, -7821.56,  1182.76, -6964.06,  1040.82, -6117.98,   864.35, -5314.18,   667.01, -4544.03,   463.80, -3797.17,   261.66, -3064.56,    64.27, -2338.57,  -125.90, -1624.90,  -312.48,      NaN,      NaN,      NaN,      NaN,      NaN,      NaN,      NaN,      NaN,      NaN,      NaN,      NaN,      NaN,      NaN,      NaN,      NaN,      NaN,      NaN,      NaN,      NaN,      NaN,      NaN,      NaN,      NaN,      NaN,      NaN,      NaN,      NaN,      NaN,      NaN,      NaN,      NaN,      NaN,      NaN,      NaN,      NaN,      NaN,      NaN,      NaN,      NaN,      NaN,      NaN,      NaN,      NaN,      NaN
      NaN,      NaN,-15464.83, -3922.52,-14966.21, -2999.55,-14380.67, -2014.45,-13610.12, -1123.13,-12792.81,  -298.51,-11914.87,   494.46,-10946.49,  1225.30, -9884.08,  1841.73, -8797.02,  2210.80, -7886.36,  2388.97, -6950.37,  1961.99, -6029.73,  1702.86, -5201.69,  1451.07, -4424.30,  1212.99, -3677.06,   989.52, -2947.68,   781.15, -2227.60,   588.77, -1520.14,   404.09,      NaN,      NaN,      NaN,      NaN,      NaN,      NaN,      NaN,      NaN,      NaN,      NaN,      NaN,      NaN,      NaN,      NaN,      NaN,      NaN,      NaN,      NaN,      NaN,      NaN,      NaN,      NaN,      NaN,      NaN,      NaN,      NaN,      NaN,      NaN,      NaN,      NaN,      NaN,      NaN,      NaN,      NaN,      NaN,      NaN,      NaN,      NaN,      NaN,      NaN,      NaN,      NaN,      NaN,      NaN
      NaN,      NaN,      NaN,      NaN,-15722.85, -2144.83,-15046.33, -1168.51,-14284.60,  -275.37,-13452.37,   518.47,-12523.12,  1362.93,-11432.38,  2198.19,-10092.68,  3005.58, -8563.21,  3410.70, -7451.68,  3282.90, -6597.20,  2848.71, -5773.38,  2506.80, -4990.23,  2209.54, -4241.44,  1943.69, -3516.79,  1704.04, -2807.72,  1488.37, -2107.48,  1296.25, -1418.62,  1115.44,      NaN,      NaN,      NaN,      NaN,      NaN,      NaN,      NaN,      NaN,      NaN,      NaN,      NaN,      NaN,      NaN,      NaN,      NaN,      NaN,      NaN,      NaN,      NaN,      NaN,      NaN,      NaN,      NaN,      NaN,      NaN,      NaN,      NaN,      NaN,      NaN,      NaN,      NaN,      NaN,      NaN,      NaN,      NaN,      NaN,      NaN,      NaN,      NaN,      NaN,      NaN,      NaN,      NaN,      NaN
      NaN,      NaN,      NaN,      NaN,      NaN,      NaN,-15760.43,  -286.57,-14947.95,   567.83,-14088.57,  1395.33,-12749.81,  2243.37,-10677.05,  3526.29, -9139.31,  4178.18, -7504.35,  4747.69, -6832.22,  4136.28, -6117.49,  3658.02, -5398.65,  3270.77, -4689.91,  2942.92, -3995.29,  2658.15, -3313.24,  2408.25, -2640.43,  2189.31, -1973.30,  1999.93, -1315.01,  1824.92,      NaN,      NaN,      NaN,      NaN,      NaN,      NaN,      NaN,      NaN,      NaN,      NaN,      NaN,      NaN,      NaN,      NaN,      NaN,      NaN,      NaN,      NaN,      NaN,      NaN,      NaN,      NaN,      NaN,      NaN,      NaN,      NaN,      NaN,      NaN,      NaN,      NaN,      NaN,      NaN,      NaN,      NaN,      NaN,      NaN,      NaN,      NaN,      NaN,      NaN,      NaN,      NaN,      NaN,      NaN
      NaN,      NaN,      NaN,      NaN,      NaN,      NaN,      NaN,      NaN,      NaN,      NaN,      NaN,      NaN,-12504.26,  3047.12, -9669.12,  4763.08, -8071.16,  5227.70, -6574.40,  5441.85, -6099.76,  4866.14, -5536.70,  4390.08, -4933.63,  3991.31, -4314.42,  3651.60, -3690.46,  3358.78, -3066.42,  3105.48, -2443.59,  2887.65, -1821.69,  2703.57, -1205.45,  2536.30,      NaN,      NaN,      NaN,      NaN,      NaN,      NaN,      NaN,      NaN,      NaN,      NaN,      NaN,      NaN,      NaN,      NaN,      NaN,      NaN,      NaN,      NaN,      NaN,      NaN,      NaN,      NaN,      NaN,      NaN,      NaN,      NaN,      NaN,      NaN,      NaN,      NaN,      NaN,      NaN,      NaN,      NaN,      NaN,      NaN,      NaN,      NaN,      NaN,      NaN,      NaN,      NaN,      NaN,      NaN
      NaN,      NaN,      NaN,      NaN,      NaN,      NaN,      NaN,      NaN,      NaN,      NaN,      NaN,      NaN,      NaN,      NaN, -7190.37,  6147.62, -6321.06,  6243.45, -5716.50,  6049.01, -5346.33,  5521.03, -4900.13,  5066.82, -4404.08,  4676.29, -3877.52,  4339.66, -3332.93,  4049.20, -2777.72,  3799.56, -2216.08,  3587.51, -1650.27,  3411.51, -1086.95,  3254.15,      NaN,      NaN,      NaN,      NaN,      NaN,      NaN,      NaN,      NaN,      NaN,      NaN,      NaN,      NaN,      NaN,      NaN,      NaN,      NaN,      NaN,      NaN,      NaN,      NaN,      NaN,      NaN,      NaN,      NaN,      NaN,      NaN,      NaN,      NaN,      NaN,      NaN,      NaN,      NaN,      NaN,      NaN,      NaN,      NaN,      NaN,      NaN,      NaN,      NaN,      NaN,      NaN,      NaN,      NaN
      NaN,      NaN,      NaN,      NaN,      NaN,      NaN,      NaN,      NaN,      NaN,      NaN,      NaN,      NaN,      NaN,      NaN,      NaN,      NaN, -5140.42,  7081.81, -4870.54,  6594.61, -4578.66,  6120.70, -4225.73,  5701.38, -3824.85,  5333.33, -3388.64,  5012.16, -2927.27,  4733.77, -2448.24,  4494.99, -1956.88,  4293.71, -1456.96,  4128.92,  -956.92,  3984.09,      NaN,      NaN,      NaN,      NaN,      NaN,      NaN,      NaN,      NaN,      NaN,      NaN,      NaN,      NaN,      NaN,      NaN,      NaN,      NaN,      NaN,      NaN,      NaN,      NaN,      NaN,      NaN,      NaN,      NaN,      NaN,      NaN,      NaN,      NaN,      NaN,      NaN,      NaN,      NaN,      NaN,      NaN,      NaN,      NaN,      NaN,      NaN,      NaN,      NaN,      NaN,      NaN,      NaN,      NaN
      NaN,      NaN,      NaN,      NaN,      NaN,      NaN,      NaN,      NaN,      NaN,      NaN,      NaN,      NaN,      NaN,      NaN, -4221.18,  7683.16, -4171.52,  7462.24, -4007.40,  7090.15, -3785.43,  6675.94, -3513.88,  6302.11, -3199.80,  5968.55, -2850.97,  5674.14, -2474.70,  5417.42, -2077.33,  5197.05, -1664.09,  5012.13, -1239.24,  4862.24,  -838.63,  4752.45,  -513.82,  4676.34,      NaN,      NaN,      NaN,      NaN,      NaN,      NaN,      NaN,      NaN,      NaN,      NaN,      NaN,      NaN,      NaN,      NaN,      NaN,      NaN,      NaN,      NaN,      NaN,      NaN,      NaN,      NaN,      NaN,      NaN,      NaN,      NaN,      NaN,      NaN,      NaN,      NaN,      NaN,      NaN,      NaN,      NaN,      NaN,      NaN,      NaN,      NaN,      NaN,      NaN,      NaN,      NaN
      NaN,      NaN,      NaN,      NaN,      NaN,      NaN,      NaN,      NaN,      NaN,      NaN,      NaN,      NaN, -2957.36,  9181.30, -3133.46,  8375.90, -3184.27,  7968.96, -3103.81,  7536.69, -2949.38,  7190.32, -2754.38,  6872.94, -2523.09,  6585.96, -2260.40,  6330.03, -1971.37,  6105.41, -1660.89,  5912.15, -1333.44,  5750.30,  -993.11,  5620.03,  -693.51,  5474.77,  -418.61,  5377.31,  -110.41,  5224.41,      NaN,      NaN,      NaN,      NaN,      NaN,      NaN,      NaN,      NaN,      NaN,      NaN,      NaN,      NaN,      NaN,      NaN,      NaN,      NaN,      NaN,      NaN,      NaN,      NaN,      NaN,      NaN,      NaN,      NaN,      NaN,      NaN,      NaN,      NaN,      NaN,      NaN,      NaN,      NaN,      NaN,      NaN,      NaN,      NaN,      NaN,      NaN,      NaN,      NaN
  -120.52, 10611.37,  -428.60, 10563.75,  -854.33, 10415.89, -1230.16, 10167.37, -1537.81,  9857.79, -1780.68,  9529.73, -1943.46,  9055.92, -2055.14,  8590.43, -2128.00,  8249.95, -2132.77,  7922.05, -2046.05,  7656.79, -1926.86,  7410.45, -1778.11,  7185.04, -1603.09,  6982.08, -1405.31,  6802.75, -1188.36,  6647.92,  -955.78,  6518.28,  -711.00,  6414.41,  -467.88,  6312.83,  -207.34,  6251.04,    41.35,  6182.07,   360.92,  6133.87,   647.38,  6178.57,   923.93,  6259.25,  1185.90,  6375.59,  1428.62,  6526.97,  1647.38,  6712.31,  1837.49,  6930.09,  1994.37,  7178.25,  2113.54,  7454.13,  2190.72,  7754.46,  2221.84,  8075.33,  2203.12,  8412.13,  2131.10,  8759.55,  2002.62,  9111.59,  1814.92,  9461.50,  1565.63,  9801.79,  1252.86, 10125.68,   872.99, 10389.39,   444.48, 10551.54,   135.01, 10607.99
    24.85,  9421.81,  -193.32,  9408.37,  -415.35,  9340.36,  -602.26,  9199.55,  -755.90,  9044.25,  -877.06,  8879.14,  -966.81,  8708.44, -1026.42,  8535.92, -1057.41,  8364.92, -1061.45,  8198.38, -1040.44,  8038.85,  -996.41,  7888.51,  -931.52,  7749.24,  -848.07,  7622.58,  -748.40,  7509.81,  -634.92,  7411.99,  -510.03,  7329.94,  -376.14,  7264.34,  -235.62,  7215.70,   -90.80,  7184.44,    55.98,  7170.86,   202.44,  7175.19,   346.25,  7197.54,   485.12,  7237.91,   616.71,  7296.16,   738.67,  7371.98,   848.65,  7464.85,   944.30,  7574.00,  1023.31,  7698.41,  1083.44,  7836.77,  1122.55,  7987.44,  1138.59,  8148.46,  1129.68,  8317.53,  1094.07,  8492.01,  1030.19,  8668.89,   936.64,  8844.80,   812.24,  9016.00,   656.02,  9178.37,   467.24,  9327.44,   243.57,  9402.53,    24.85,  9421.81
    42.60,  8225.71,    42.60,  8225.71,    42.60,  8225.71,    42.60,  8225.71,    42.60,  8225.71,    42.60,  8225.71,    42.60,  8225.71,    42.60,  8225.71,    42.60,  8225.71,    42.60,  8225.71,    42.60,  8225.71,    42.60,  8225.71,    42.60,  8225.71,    42.60,  8225.71,    42.60,  8225.71,    42.60,  8225.71,    42.60,  8225.71,    42.60,  8225.71,    42.60,  8225.71,    42.60,  8225.71,    42.60,  8225.71,    42.60,  8225.71,    42.60,  8225.71,    42.60,  8225.71,    42.60,  8225.71,    42.60,  8225.71,    42.60,  8225.71,    42.60,  8225.71,    42.60,  8225.71,    42.60,  8225.71,    42.60,  8225.71,    42.60,  8225.71,    42.60,  8225.71,    42.60,  8225.71,    42.60,  8225.71,    42.60,  8225.71,    42.60,  8225.71,    42.60,  8225.71,    42.60,  8225.71,    42.60,  8225.71,    42.60,  8225.71
sección 1:
frontera (7 vértices):
 -90.0, -30.0
 -90.0, 180.0
 -45.0, 180.0
 -45.0,  30.0
  90.0,  30.0
  90.0, -30.0
 -90.0, -30.0
puntos proyectados (21x41 puntos):
 -3619.48, -7978.75, -3619.48, -7978.75, -3619.48, -7978.75, -3619.48, -7978.75, -3619.48, -7978.75, -3619.48, -7978.75, -3619.48, -7978.75, -3619.48, -7978.75, -3619.48, -7978.75, -3619.48, -7978.75, -3619.48, -7978.75, -3619.48, -7978.75, -3619.48, -7978.75, -3619.48, -7978.75, -3619.48, -7978.75, -3619.48, -7978.75, -3619.48, -7978.75, -3619.48, -7978.75, -3619.48, -7978.75, -3619.48, -7978.75, -3619.48, -7978.75, -3619.48, -7978.75, -3619.48, -7978.75, -3619.48, -7978.75, -3619.48, -7978.75, -3619.48, -7978.75, -3619.48, -7978.75, -3619.48, -7978.75, -3619.48, -7978.75, -3619.48, -7978.75, -3619.48, -7978.75, -3619.48, -7978.75, -3619.48, -7978.75, -3619.48, -7978.75, -3619.48, -7978.75, -3619.48, -7978.75, -3619.48, -7978.75, -3619.48, -7978.75, -3619.48, -7978.75, -3619.48, -7978.75, -3619.48, -7978.75
 -3720.80, -9086.18, -3879.81, -9052.53, -4035.19, -9000.84, -4187.17, -8901.79, -4324.38, -8784.62, -4444.50, -8650.77, -4545.49, -8502.19, -4625.70, -8341.26, -4684.05, -8170.62, -4720.03, -7992.95, -4733.75, -7810.79, -4725.88, -7626.32, -4697.53, -7441.21, -4650.16, -7256.41, -4585.42, -7072.06, -4504.98, -6887.38, -4362.07, -6807.50, -4159.91, -6862.29, -3899.79, -6877.24, -3654.84, -6912.48, -3426.89, -6967.31, -3217.95, -7040.95, -3030.16, -7132.42, -2865.61, -7240.37, -2726.21, -7363.09, -2613.51, -7498.45, -2528.62, -7643.88, -2472.12, -7796.43, -2444.02, -7952.91, -2443.82, -8109.96, -2470.51, -8264.25, -2522.63, -8412.60, -2598.35, -8552.05, -2695.48, -8680.00, -2811.59, -8794.21, -2943.77, -8892.84, -3086.14, -8975.24, -3237.78, -9037.76, -3396.26, -9078.03, -3558.43, -9094.50, -3720.80, -9086.18
 -3849.77,-10097.34, -4162.77,-10043.91, -4432.07, -9969.80, -4697.10, -9807.54, -4965.28, -9565.49, -5259.75, -9315.26, -5460.88, -9019.32, -5620.75, -8698.81, -5737.19, -8358.91, -5809.20, -8004.87, -5836.99, -7641.67, -5821.81, -7273.59, -5765.86, -6903.85, -5291.03, -6529.55, -4970.45, -6094.68, -4639.95, -5823.92, -4030.55, -5652.85, -3687.02, -5740.70, -3350.10, -5831.74, -3018.40, -5940.19, -2698.34, -6069.39, -2396.53, -6221.79, -2119.84, -6399.10, -1875.14, -6602.13, -1668.83, -6830.60, -1506.09, -7082.85, -1390.15, -7355.32, -1322.29, -7642.70, -1302.34, -7938.52, -1329.11, -8235.84, -1400.77, -8527.75, -1515.02, -8807.62, -1669.16, -9069.28, -1860.18, -9307.13, -2084.86, -9517.24, -2337.26, -9706.19, -2612.93, -9864.31, -2907.57, -9985.44, -3215.85,-10066.19, -3531.98,-10104.16, -3849.77,-10097.34
 -3946.03,-11095.93, -4405.41,-11033.77, -4787.02,-10974.13, -5081.49,-10829.79, -5450.00,-10477.77,      NaN,      NaN,      NaN,      NaN,      NaN,      NaN,      NaN,      NaN,      NaN,      NaN,      NaN,      NaN,      NaN,      NaN,      NaN,      NaN, -5876.12, -5635.32, -5126.60, -4990.21, -4592.71, -4753.94, -3785.92, -4677.47, -3344.82, -4790.73, -2904.35, -4922.68, -2468.10, -5076.48, -2041.78, -5255.46, -1633.31, -5463.62, -1253.23, -5705.31,  -914.75, -5984.90,  -632.36, -6305.71,  -419.09, -6669.73,  -278.90, -7071.17,  -209.61, -7498.38,  -207.18, -7938.37,  -267.66, -8379.06,  -387.54, -8809.72,  -563.46, -9220.66,  -791.80, -9602.91, -1068.38, -9947.90, -1390.69,-10252.68, -1755.47,-10524.57, -2154.57,-10748.82, -2580.45,-10920.51, -3025.89,-11036.87, -3483.57,-11096.02, -3946.03,-11095.93
 -4009.38,-12089.93, -4602.26,-12029.39, -5117.26,-11975.10, -5466.01,-11903.11,      NaN,      NaN,      NaN,      NaN,      NaN,      NaN,      NaN,      NaN,      NaN,      NaN,      NaN,      NaN,      NaN,      NaN,      NaN,      NaN,      NaN,      NaN,      NaN,      NaN, -4490.00, -3814.68, -4087.30, -3743.09, -3605.40, -3794.78, -3075.57, -3930.65, -2542.22, -4088.48, -2007.07, -4270.16, -1473.69, -4479.36,  -948.87, -4721.65,  -445.04, -5004.78,    15.99, -5339.01,   401.46, -5734.14,   667.88, -6217.12,   820.02, -6768.59,   877.47, -7354.99,   853.41, -7951.26,   754.79, -8540.93,   585.36, -9112.08,   348.02, -9654.63,    46.06,-10158.98,  -315.98,-10615.19,  -729.32,-11015.29, -1202.05,-11359.72, -1716.41,-11640.68, -2262.28,-11855.22, -2831.62,-12001.58, -3416.48,-12079.93, -4009.38,-12089.93
 -4043.88,-13080.32, -4752.85,-13027.38, -5449.40,-12974.92,      NaN,      NaN,      NaN,      NaN,      NaN,      NaN,      NaN,      NaN,      NaN,      NaN,      NaN,      NaN,      NaN,      NaN,      NaN,      NaN,      NaN,      NaN,      NaN,      NaN,      NaN,      NaN,      NaN,      NaN, -4056.85, -2829.14, -3466.60, -2967.05, -2864.17, -3121.04, -2254.12, -3295.71, -1634.60, -3492.64, -1004.07, -3715.81,  -362.36, -3972.06,   285.91, -4272.17,   920.35, -4633.31,  1477.60, -5045.16,  1786.54, -5697.14,  1917.75, -6461.43,  1944.98, -7237.73,  1888.13, -7997.74,  1751.21, -8733.14,  1534.57, -9438.47,  1238.41,-10107.20,   864.06,-10731.12,   414.78,-11300.23,  -102.83,-11802.64,  -679.63,-12212.92, -1302.21,-12543.65, -1958.14,-12795.64, -2639.55,-12965.98, -3337.11,-13060.07, -4043.88,-13080.32
 -4056.81,-14068.19, -4862.10,-14024.30, -5655.70,-13977.84,      NaN,      NaN,      NaN,      NaN,      NaN,      NaN,      NaN,      NaN,      NaN,      NaN,      NaN,      NaN,      NaN,      NaN,      NaN,      NaN,      NaN,      NaN,      NaN,      NaN,      NaN,      NaN,      NaN,      NaN, -3998.67, -2020.33, -3355.25, -2175.82, -2697.73, -2343.79, -2030.94, -2527.76, -1349.68, -2728.73,  -646.76, -2950.27,    88.95, -3199.80,   876.92, -3492.70,  1753.61, -3865.00,  2656.55, -4021.83,  2951.52, -5118.97,  3002.18, -6238.23,  2992.79, -7207.23,  2905.63, -8107.52,  2735.41, -8966.08,  2477.15, -9789.03,  2127.26,-10573.08,  1683.63,-11310.74,  1143.94,-11992.13,   501.73,-12603.00,  -185.62,-13079.81,  -910.67,-13457.31, -1670.31,-13748.36, -2455.63,-13934.35, -3253.75,-14039.94, -4056.81,-14068.19
 -4057.75,-15055.88, -4936.33,-15016.24, -5772.86,-14974.23,      NaN,      NaN,      NaN,      NaN,      NaN,      NaN,      NaN,      NaN,      NaN,      NaN,      NaN,      NaN,      NaN,      NaN,      NaN,      NaN,      NaN,      NaN,      NaN,      NaN,      NaN,      NaN,      NaN,      NaN, -3940.69, -1240.45, -3258.75, -1410.64, -2563.27, -1588.90, -1860.36, -1775.65, -1143.93, -1970.31,  -406.68, -2172.99,   360.37, -2383.21,  1167.93, -2595.30,  2025.31, -2780.94,  2945.67, -2842.99,  3467.80, -3937.80,  3745.60, -5094.82,  3815.21, -6996.37,  3904.15, -8227.05,  3698.51, -9208.18,  3397.97,-10143.69,  2993.84,-11038.12,  2478.02,-11885.93,  1838.35,-12675.00,  1100.34,-13366.61,   267.70,-13927.92,  -588.99,-14376.96, -1444.38,-14696.74, -2296.19,-14913.59, -3175.44,-15023.69, -4057.75,-15055.88
 -4109.69,-16046.64, -4949.25,-16003.98,      NaN,      NaN,      NaN,      NaN,      NaN,      NaN,      NaN,      NaN,      NaN,      NaN,      NaN,      NaN,      NaN,      NaN,      NaN,      NaN,      NaN,      NaN,      NaN,      NaN,      NaN,      NaN,      NaN,      NaN,      NaN,      NaN, -3870.86,  -483.24, -3165.31,  -665.29, -2447.39,  -850.79, -1725.72, -1035.88,  -994.29, -1218.46,  -247.05, -1395.63,   521.79, -1561.50,  1316.82, -1703.01,  2139.52, -1791.96,  2986.83, -1777.25,  3758.36, -2709.04,  4276.55, -3834.96,  4416.05, -6375.91,      NaN,      NaN,      NaN,      NaN,      NaN,      NaN,      NaN,      NaN,      NaN,      NaN,      NaN,      NaN,      NaN,      NaN,      NaN,      NaN,  -330.79,-15216.63, -1306.31,-15683.93, -2198.93,-15904.56, -3098.24,-16002.19, -3998.22,-16040.89
      NaN,      NaN,      NaN,      NaN,      NaN,      NaN,      NaN,      NaN,      NaN,      NaN,      NaN,      NaN,      NaN,      NaN,      NaN,      NaN,      NaN,      NaN,      NaN,      NaN,      NaN,      NaN,      NaN,      NaN,      NaN,      NaN,      NaN,      NaN,      NaN,      NaN, -3779.07,   255.29, -3064.56,    64.27, -2338.57,  -125.90, -1612.65,  -306.62,  -881.10,  -475.04,  -138.94,  -626.71,   617.83,  -753.94,  1391.72,  -843.57,  2183.27,  -874.80,  2991.44,  -821.33,  3633.40, -1004.24,  4110.06, -1542.53,      NaN,      NaN,      NaN,      NaN,      NaN,      NaN,      NaN,      NaN,      NaN,      NaN,      NaN,      NaN,      NaN,      NaN,      NaN,      NaN,      NaN,      NaN,      NaN,      NaN,      NaN,      NaN,      NaN,      NaN,      NaN,      NaN,      NaN,      NaN
      NaN,      NaN,      NaN,      NaN,      NaN,      NaN,      NaN,      NaN,      NaN,      NaN,      NaN,      NaN,      NaN,      NaN,      NaN,      NaN,      NaN,      NaN,      NaN,      NaN,      NaN,      NaN,      NaN,      NaN,      NaN,      NaN,      NaN,      NaN,      NaN,      NaN, -3656.68,   978.23, -2947.68,   781.15, -2227.60,   588.77, -1510.30,   414.08,  -790.60,   260.00,   -64.37,   131.31,   671.48,    35.47,  1418.92,   -16.51,  2179.02,   -10.16,  2952.63,    69.37,  3724.06,   169.94,      NaN,      NaN,      NaN,      NaN,      NaN,      NaN,      NaN,      NaN,      NaN,      NaN,      NaN,      NaN,      NaN,      NaN,      NaN,      NaN,      NaN,      NaN,      NaN,      NaN,      NaN,      NaN,      NaN,      NaN,      NaN,      NaN,      NaN,      NaN,      NaN,      NaN
      NaN,      NaN,      NaN,      NaN,      NaN,      NaN,      NaN,      NaN,      NaN,      NaN,      NaN,      NaN,      NaN,      NaN,      NaN,      NaN,      NaN,      NaN,      NaN,      NaN,      NaN,      NaN,      NaN,      NaN,      NaN,      NaN,      NaN,      NaN,      NaN,      NaN, -3497.16,  1688.52, -2807.72,  1488.37, -2107.48,  1296.25, -1410.82,  1128.75,  -713.57,   988.45,   -12.52,   879.70,   694.74,   808.95,  1409.88,   784.79,  2134.20,   817.30,  2869.22,   915.95,  3598.18,  1035.24,      NaN,      NaN,      NaN,      NaN,      NaN,      NaN,      NaN,      NaN,      NaN,      NaN,      NaN,      NaN,      NaN,      NaN,      NaN,      NaN,      NaN,      NaN,      NaN,      NaN,      NaN,      NaN,      NaN,      NaN,      NaN,      NaN,      NaN,      NaN,      NaN,      NaN
      NaN,      NaN,      NaN,      NaN,      NaN,      NaN,      NaN,      NaN,      NaN,      NaN,      NaN,      NaN,      NaN,      NaN,      NaN,      NaN,      NaN,      NaN,      NaN,      NaN,      NaN,      NaN,      NaN,      NaN,      NaN,      NaN,      NaN,      NaN,      NaN,      NaN, -3296.82,  2389.38, -2640.43,  2189.31, -1973.30,  1999.93, -1308.66,  1840.57,  -643.84,  1713.28,    23.26,  1621.70,   694.20,  1570.99,  1370.12,  1567.65,  2051.90,  1618.84,  2740.51,  1731.13,  3420.92,  1863.53,      NaN,      NaN,      NaN,      NaN,      NaN,      NaN,      NaN,      NaN,      NaN,      NaN,      NaN,      NaN,      NaN,      NaN,      NaN,      NaN,      NaN,      NaN,      NaN,      NaN,      NaN,      NaN,      NaN,      NaN,      NaN,      NaN,      NaN,      NaN,      NaN,      NaN
      NaN,      NaN,      NaN,      NaN,      NaN,      NaN,      NaN,      NaN,      NaN,      NaN,      NaN,      NaN,      NaN,      NaN,      NaN,      NaN,      NaN,      NaN,      NaN,      NaN,      NaN,      NaN,      NaN,      NaN,      NaN,      NaN,      NaN,      NaN,      NaN,      NaN, -3054.44,  3084.37, -2443.59,  2887.65, -1821.69,  2703.57, -1199.87,  2553.31,  -577.18,  2438.38,    47.18,  2361.60,   673.73,  2326.94,  1302.71,  2339.18,  1934.10,  2403.46,  2567.62,  2524.57,  3191.50,  2665.13,      NaN,      NaN,      NaN,      NaN,      NaN,      NaN,      NaN,      NaN,      NaN,      NaN,      NaN,      NaN,      NaN,      NaN,      NaN,      NaN,      NaN,      NaN,      NaN,      NaN,      NaN,      NaN,      NaN,      NaN,      NaN,      NaN,      NaN,      NaN,      NaN,      NaN
      NaN,      NaN,      NaN,      NaN,      NaN,      NaN,      NaN,      NaN,      NaN,      NaN,      NaN,      NaN,      NaN,      NaN,      NaN,      NaN,      NaN,      NaN,      NaN,      NaN,      NaN,      NaN,      NaN,      NaN,      NaN,      NaN,      NaN,      NaN,      NaN,      NaN, -2770.16,  3777.39, -2216.08,  3587.51, -1650.27,  3411.51, -1081.52,  3271.48,  -510.55,  3168.47,    62.07,  3104.59,   635.71,  3082.74,  1209.54,  3106.35,  1782.40,  3179.10,  2352.65,  3304.48,  2911.94,  3448.38,      NaN,      NaN,      NaN,      NaN,      NaN,      NaN,      NaN,      NaN,      NaN,      NaN,      NaN,      NaN,      NaN,      NaN,      NaN,      NaN,      NaN,      NaN,      NaN,      NaN,      NaN,      NaN,      NaN,      NaN,      NaN,      NaN,      NaN,      NaN,      NaN,      NaN
      NaN,      NaN,      NaN,      NaN,      NaN,      NaN,      NaN,      NaN,      NaN,      NaN,      NaN,      NaN,      NaN,      NaN,      NaN,      NaN,      NaN,      NaN,      NaN,      NaN,      NaN,      NaN,      NaN,      NaN,      NaN,      NaN,      NaN,      NaN,      NaN,      NaN, -2444.00,  4472.88, -1956.88,  4293.71, -1456.96,  4128.92,  -951.18,  4000.54,  -441.63,  3909.37,    69.88,  3856.89,   581.61,  3845.12,  1091.68,  3876.46,  1597.86,  3953.42,  2097.40,  4078.46,  2584.50,  4220.76,      NaN,      NaN,      NaN,      NaN,      NaN,      NaN,      NaN,      NaN,      NaN,      NaN,      NaN,      NaN,      NaN,      NaN,      NaN,      NaN,      NaN,      NaN,      NaN,      NaN,      NaN,      NaN,      NaN,      NaN,      NaN,      NaN,      NaN,      NaN,      NaN,      NaN
      NaN,      NaN,      NaN,      NaN,      NaN,      NaN,      NaN,      NaN,      NaN,      NaN,      NaN,      NaN,      NaN,      NaN,      NaN,      NaN,      NaN,      NaN,      NaN,      NaN,      NaN,      NaN,      NaN,      NaN,      NaN,      NaN,      NaN,      NaN, -2266.47,  5313.33, -2033.00,  5170.62, -1664.09,  5012.13, -1239.24,  4862.24,  -806.31,  4747.48,  -368.29,  4668.48,    72.08,  4626.26,   512.18,  4622.17,   949.28,  4657.77,  1380.41,  4734.66,  1802.15,  4854.40,  2169.09,  4985.58,  2393.74,  5100.59,      NaN,      NaN,      NaN,      NaN,      NaN,      NaN,      NaN,      NaN,      NaN,      NaN,      NaN,      NaN,      NaN,      NaN,      NaN,      NaN,      NaN,      NaN,      NaN,      NaN,      NaN,      NaN,      NaN,      NaN,      NaN,      NaN,      NaN,      NaN
      NaN,      NaN,      NaN,      NaN,      NaN,      NaN,      NaN,      NaN,      NaN,      NaN,      NaN,      NaN,      NaN,      NaN,      NaN,      NaN,      NaN,      NaN,      NaN,      NaN,      NaN,      NaN,      NaN,      NaN,      NaN,      NaN, -2321.27,  6321.30, -1927.75,  6047.92, -1666.96,  5873.44, -1333.44,  5750.30,  -993.11,  5620.03,  -643.57,  5521.68,  -288.20,  5455.80,    69.79,  5423.09,   427.28,  5424.40,   781.12,  5460.63,  1127.97,  5532.66,  1464.27,  5641.25,  1794.63,  5741.75,  2050.33,  5906.54,  2439.55,  6183.87,      NaN,      NaN,      NaN,      NaN,      NaN,      NaN,      NaN,      NaN,      NaN,      NaN,      NaN,      NaN,      NaN,      NaN,      NaN,      NaN,      NaN,      NaN,      NaN,      NaN,      NaN,      NaN,      NaN,      NaN,      NaN,      NaN
  -120.52, 10611.37,  -428.60, 10563.75,  -854.33, 10415.89, -1230.16, 10167.37, -1537.81,  9857.79, -1780.68,  9529.73, -1960.82,  9190.25, -2080.82,  8846.92, -2143.65,  8506.43, -2152.71,  8174.65, -2111.73,  7856.69, -2024.77,  7556.97, -1896.17,  7279.22, -1647.77,  7025.12, -1405.98,  6822.85, -1193.33,  6643.63,  -955.78,  6518.28,  -711.00,  6414.41,  -457.33,  6336.85,  -197.97,  6286.09,    63.98,  6262.63,   325.45,  6266.94,   583.35,  6299.45,   834.53,  6360.48,  1075.75,  6450.22,  1310.14,  6561.31,  1517.07,  6731.88,  1753.34,  6931.35,  1994.37,  7178.25,  2113.54,  7454.13,  2190.72,  7754.46,  2221.84,  8075.33,  2203.12,  8412.13,  2131.10,  8759.55,  2002.62,  9111.59,  1814.92,  9461.50,  1565.63,  9801.79,  1252.86, 10125.68,   872.99, 10389.39,   444.48, 10551.54,   135.01, 10607.99
    24.85,  9421.81,  -193.32,  9408.37,  -415.35,  9340.36,  -602.26,  9199.55,  -755.90,  9044.25,  -877.06,  8879.14,  -966.81,  8708.44, -1026.42,  8535.92, -1057.41,  8364.92, -1061.45,  8198.38, -1040.44,  8038.85,  -996.41,  7888.51,  -931.52,  7749.24,  -848.07,  7622.58,  -748.40,  7509.81,  -634.92,  7411.99,  -510.03,  7329.94,  -376.14,  7264.34,  -235.62,  7215.70,   -90.80,  7184.44,    55.98,  7170.86,   202.44,  7175.19,   346.25,  7197.54,   485.12,  7237.91,   616.71,  7296.16,   738.67,  7371.98,   848.65,  7464.85,   944.30,  7574.00,  1023.31,  7698.41,  1083.44,  7836.77,  1122.55,  7987.44,  1138.59,  8148.46,  1129.68,  8317.53,  1094.07,  8492.01,  1030.19,  8668.89,   936.64,  8844.80,   812.24,  9016.00,   656.02,  9178.37,   467.24,  9327.44,   243.57,  9402.53,    24.85,  9421.81
    42.60,  8225.71,    42.60,  8225.71,    42.60,  8225.71,    42.60,  8225.71,    42.60,  8225.71,    42.60,  8225.71,    42.60,  8225.71,    42.60,  8225.71,    42.60,  8225.71,    42.60,  8225.71,    42.60,  8225.71,    42.60,  8225.71,    42.60,  8225.71,    42.60,  8225.71,    42.60,  8225.71,    42.60,  8225.71,    42.60,  8225.71,    42.60,  8225.71,    42.60,  8225.71,    42.60,  8225.71,    42.60,  8225.71,    42.60,  8225.71,    42.60,  8225.71,    42.60,  8225.71,    42.60,  8225.71,    42.60,  8225.71,    42.60,  8225.71,    42.60,  8225.71,    42.60,  8225.71,    42.60,  8225.71,    42.60,  8225.71,    42.60,  8225.71,    42.60,  8225.71,    42.60,  8225.71,    42.60,  8225.71,    42.60,  8225.71,    42.60,  8225.71,    42.60,  8225.71,    42.60,  8225.71,    42.60,  8225.71,    42.60,  8225.71
sección 2:
frontera (10 vértices):
 -45.0,  30.0
 -45.0, 180.0
 -10.0, 145.0
 -10.0, 130.0
 -15.0, 120.0
 -15.0, 105.0
   0.0,  90.0
  90.0,  90.0
  90.0,  30.0
 -45.0,  30.0
puntos proyectados (21x41 puntos):
      NaN,      NaN,      NaN,      NaN,      NaN,      NaN,      NaN,      NaN,      NaN,      NaN,      NaN,      NaN,      NaN,      NaN,      NaN,      NaN,      NaN,      NaN,      NaN,      NaN,      NaN,      NaN,      NaN,      NaN,      NaN,      NaN,      NaN,      NaN,      NaN,      NaN,      NaN,      NaN,      NaN,      NaN,      NaN,      NaN,      NaN,      NaN,      NaN,      NaN,      NaN,      NaN,      NaN,      NaN,      NaN,      NaN,      NaN,      NaN,      NaN,      NaN,      NaN,      NaN,      NaN,      NaN,      NaN,      NaN,      NaN,      NaN,      NaN,      NaN,      NaN,      NaN,      NaN,      NaN,      NaN,      NaN,      NaN,      NaN,      NaN,      NaN,      NaN,      NaN,      NaN,      NaN,      NaN,      NaN,      NaN,      NaN,      NaN,      NaN,      NaN,      NaN
      NaN,      NaN,      NaN,      NaN,      NaN,      NaN,      NaN,      NaN,      NaN,      NaN,      NaN,      NaN,      NaN,      NaN,      NaN,      NaN,      NaN,      NaN,      NaN,      NaN,      NaN,      NaN,      NaN,      NaN,      NaN,      NaN,      NaN,      NaN,      NaN,      NaN,      NaN,      NaN,      NaN,      NaN,      NaN,      NaN,      NaN,      NaN,      NaN,      NaN,      NaN,      NaN,      NaN,      NaN,      NaN,      NaN,      NaN,      NaN,      NaN,      NaN,      NaN,      NaN,      NaN,      NaN,      NaN,      NaN,      NaN,      NaN,      NaN,      NaN,      NaN,      NaN,      NaN,      NaN,      NaN,      NaN,      NaN,      NaN,      NaN,      NaN,      NaN,      NaN,      NaN,      NaN,      NaN,      NaN,      NaN,      NaN,      NaN,      NaN,      NaN,      NaN
      NaN,      NaN,      NaN,      NaN,      NaN,      NaN,      NaN,      NaN,      NaN,      NaN,      NaN,      NaN,      NaN,      NaN,      NaN,      NaN,      NaN,      NaN,      NaN,      NaN,      NaN,      NaN,      NaN,      NaN,      NaN,      NaN,      NaN,      NaN,      NaN,      NaN,      NaN,      NaN,      NaN,      NaN,      NaN,      NaN,      NaN,      NaN,      NaN,      NaN,      NaN,      NaN,      NaN,      NaN,      NaN,      NaN,      NaN,      NaN,      NaN,      NaN,      NaN,      NaN,      NaN,      NaN,      NaN,      NaN,      NaN,      NaN,      NaN,      NaN,      NaN,      NaN,      NaN,      NaN,      NaN,      NaN,      NaN,      NaN,      NaN,      NaN,      NaN,      NaN,      NaN,      NaN,      NaN,      NaN,      NaN,      NaN,      NaN,      NaN,      NaN,      NaN
 13598.71, -6921.27, 14058.80, -7385.17,      NaN,      NaN,      NaN,      NaN,      NaN,      NaN,      NaN,      NaN,      NaN,      NaN,      NaN,      NaN,      NaN,      NaN,      NaN,      NaN,      NaN,      NaN,      NaN,      NaN,      NaN,      NaN,      NaN,      NaN,      NaN,      NaN,      NaN,      NaN,      NaN,      NaN,      NaN,      NaN,      NaN,      NaN,      NaN,      NaN,      NaN,      NaN,      NaN,      NaN,      NaN,      NaN,  3830.66, -6946.36,  4375.46, -6794.05,  5041.06, -6527.27,  5709.56, -6333.20,  6416.71, -6141.16,  7132.58, -5955.31,  7829.93, -5788.12,  8495.14, -5654.44,  9126.90, -5567.67,  9732.73, -5535.98, 10323.78, -5558.50, 10887.46, -5633.76, 11415.83, -5747.00, 11912.88, -5909.40, 12387.79, -6116.59, 12839.16, -6364.68, 13263.49, -6651.43, 13712.53, -7019.98
 14334.69, -6243.55, 14759.93, -6677.00, 15230.57, -7152.62,      NaN,      NaN,      NaN,      NaN,      NaN,      NaN,      NaN,      NaN,      NaN,      NaN,      NaN,      NaN,      NaN,      NaN,      NaN,      NaN,      NaN,      NaN,      NaN,      NaN,      NaN,      NaN,      NaN,      NaN,      NaN,      NaN,      NaN,      NaN,      NaN,      NaN,      NaN,      NaN,      NaN,      NaN,      NaN,      NaN,      NaN,      NaN,  2589.43, -6415.87,  3266.07, -6101.38,  3862.20, -5794.07,  4574.94, -5544.36,  5346.37, -5322.01,  6133.69, -5111.18,  6910.66, -4914.28,  7663.78, -4742.08,  8388.41, -4608.07,  9085.84, -4524.80,  9761.05, -4500.86, 10420.62, -4538.51, 11071.25, -4631.76, 11675.61, -4772.71, 12259.82, -4967.28, 12822.63, -5214.14, 13359.72, -5510.70, 13865.79, -5854.45, 14334.69, -6243.55
 15011.88, -5512.98, 15514.05, -6017.85, 16011.97, -6515.03,      NaN,      NaN,      NaN,      NaN,      NaN,      NaN,      NaN,      NaN,      NaN,      NaN,      NaN,      NaN,      NaN,      NaN,      NaN,      NaN,      NaN,      NaN,      NaN,      NaN,      NaN,      NaN,      NaN,      NaN,      NaN,      NaN,      NaN,      NaN,      NaN,      NaN,      NaN,      NaN,      NaN,      NaN,      NaN,      NaN,      NaN,      NaN,  1893.17, -5137.64,  2568.84, -5168.45,  3310.81, -4870.12,  4173.15, -4573.20,  5043.11, -4320.14,  5893.22, -4089.64,  6718.32, -3880.37,  7519.13, -3700.78,  8298.36, -3563.76,  9059.19, -3482.43,  9804.01, -3466.22, 10533.57, -3518.22, 11247.36, -3635.61, 11937.55, -3803.08, 12609.64, -4030.09, 13258.11, -4316.79, 13877.98, -4660.82, 14464.30, -5060.04, 15011.88, -5512.98
 15677.72, -4779.76, 16253.13, -5343.96, 16819.33, -5901.80,      NaN,      NaN,      NaN,      NaN,      NaN,      NaN,      NaN,      NaN,      NaN,      NaN,      NaN,      NaN,      NaN,      NaN,      NaN,      NaN,      NaN,      NaN,      NaN,      NaN,      NaN,      NaN,      NaN,      NaN,      NaN,      NaN,      NaN,      NaN,      NaN,      NaN,      NaN,      NaN,      NaN,      NaN,      NaN,      NaN,      NaN,      NaN,  1130.47, -3872.81,  1753.61, -3865.00,  2656.55, -4021.83,  3822.51, -3648.34,  4817.20, -3354.06,  5730.95, -3095.59,  6600.77, -2864.46,  7443.70, -2667.45,  8269.03, -2518.81,  9082.48, -2434.91,  9886.24, -2427.25, 10678.09, -2498.21, 11451.48, -2643.39, 12214.87, -2839.91, 12968.60, -3102.46, 13697.42, -3430.38, 14395.18, -3820.77, 15057.00, -4271.30, 15677.72, -4779.76
 16334.43, -4037.62, 16966.08, -4649.55, 17565.44, -5234.04,      NaN,      NaN,      NaN,      NaN,      NaN,      NaN,      NaN,      NaN,      NaN,      NaN,      NaN,      NaN,      NaN,      NaN,      NaN,      NaN,      NaN,      NaN,      NaN,      NaN,      NaN,      NaN,      NaN,      NaN,      NaN,      NaN,      NaN,      NaN,      NaN,      NaN,      NaN,      NaN,      NaN,      NaN,      NaN,      NaN,      NaN,      NaN,  1172.81, -2600.44,  2025.31, -2780.94,  2945.67, -2842.99,  3847.63, -2624.67,  4759.75, -2367.12,  5655.37, -2106.19,  6534.14, -1857.03,  7401.41, -1636.40,  8262.84, -1466.54,  9124.38, -1374.35,  9988.37, -1377.42, 10849.31, -1474.70, 11696.36, -1651.61, 12526.19, -1886.57, 13349.67, -2185.13, 14149.20, -2553.35, 14916.61, -2986.81, 15647.52, -3483.32, 16334.43, -4037.62
 17030.29, -3328.45, 17632.15, -3915.72,      NaN,      NaN,      NaN,      NaN,      NaN,      NaN,      NaN,      NaN,      NaN,      NaN,      NaN,      NaN,      NaN,      NaN,      NaN,      NaN,      NaN,      NaN,      NaN,      NaN,      NaN,      NaN,      NaN,      NaN,      NaN,      NaN,      NaN,      NaN,      NaN,      NaN,      NaN,      NaN,      NaN,      NaN,      NaN,      NaN,      NaN,      NaN,      NaN,      NaN,  1264.04, -1727.31,  2139.52, -1791.96,  2986.83, -1777.25,  3845.90, -1618.28,  4718.29, -1389.64,  5594.81, -1127.74,  6473.64,  -856.93,  7357.12,  -601.87,  8248.34,  -394.77,  9158.09,  -285.85, 10091.82,  -306.33, 11034.96,  -445.48, 11961.61,  -668.40, 12866.67,  -946.23, 13753.73, -1278.24, 14612.81, -1681.36, 15439.89, -2150.53, 16230.89, -2678.89, 16937.62, -3226.09
      NaN,      NaN,      NaN,      NaN,      NaN,      NaN,      NaN,      NaN,      NaN,      NaN,      NaN,      NaN,      NaN,      NaN,      NaN,      NaN,      NaN,      NaN,      NaN,      NaN,      NaN,      NaN,      NaN,      NaN,      NaN,      NaN,      NaN,      NaN,      NaN,      NaN,      NaN,      NaN,      NaN,      NaN,      NaN,      NaN,      NaN,      NaN,      NaN,      NaN,      NaN,      NaN,      NaN,      NaN,  1372.64,  -883.81,  2183.27,  -874.80,  2991.44,  -821.33,  3815.16,  -669.59,  4655.82,  -445.45,  5512.23,  -171.81,  6385.96,   130.98,  7280.32,   438.17,  8191.50,   713.88,  9151.26,   854.32, 10180.69,   799.08, 11242.07,   589.51, 12249.13,   305.39, 13213.39,   -13.90, 14162.84,  -377.20, 15078.93,  -805.64, 15951.43, -1295.47, 16744.99, -1811.05, 17516.84, -2391.03
      NaN,      NaN,      NaN,      NaN,      NaN,      NaN,      NaN,      NaN,      NaN,      NaN,      NaN,      NaN,      NaN,      NaN,      NaN,      NaN,      NaN,      NaN,      NaN,      NaN,      NaN,      NaN,      NaN,      NaN,      NaN,      NaN,      NaN,      NaN,      NaN,      NaN,      NaN,      NaN,      NaN,      NaN,      NaN,      NaN,      NaN,      NaN,      NaN,      NaN,      NaN,      NaN,      NaN,      NaN,  1409.99,   -55.19,  2179.02,   -10.16,  2952.63,    69.37,  3741.69,   229.00,  4549.53,   460.37,  5380.27,   752.90,  6241.20,  1096.25,  7142.44,  1476.16,  8040.27,  1887.58,  9039.99,  2090.89, 10186.06,  1984.08, 11290.09,  1751.07, 12586.42,  1262.64, 13566.37,   924.26, 14546.54,   544.06, 15497.96,   111.30, 16391.83,  -376.81, 17247.28,  -910.41,      NaN,      NaN
      NaN,      NaN,      NaN,      NaN,      NaN,      NaN,      NaN,      NaN,      NaN,      NaN,      NaN,      NaN,      NaN,      NaN,      NaN,      NaN,      NaN,      NaN,      NaN,      NaN,      NaN,      NaN,      NaN,      NaN,      NaN,      NaN,      NaN,      NaN,      NaN,      NaN,      NaN,      NaN,      NaN,      NaN,      NaN,      NaN,      NaN,      NaN,      NaN,      NaN,      NaN,      NaN,      NaN,      NaN,  1405.89,   749.77,  2134.20,   817.30,  2869.22,   915.95,  3617.49,  1085.97,  4383.26,  1326.61,  5173.90,  1636.27,  6005.78,  2016.22,  6922.30,  2469.07,  7685.63,  3178.83,  8593.11,  3545.47,  9540.99,  3356.56, 10752.81,  3048.37, 12732.87,  2289.41, 13931.74,  1861.26, 14920.00,  1477.45, 15883.87,  1046.18, 16826.06,   550.55,      NaN,      NaN,      NaN,      NaN
      NaN,      NaN,      NaN,      NaN,      NaN,      NaN,      NaN,      NaN,      NaN,      NaN,      NaN,      NaN,      NaN,      NaN,      NaN,      NaN,      NaN,      NaN,      NaN,      NaN,      NaN,      NaN,      NaN,      NaN,      NaN,      NaN,      NaN,      NaN,      NaN,      NaN,      NaN,      NaN,      NaN,      NaN,      NaN,      NaN,      NaN,      NaN,      NaN,      NaN,      NaN,      NaN,      NaN,      NaN,  1368.67,  1535.81,  2051.90,  1618.84,  2740.51,  1731.13,  3437.27,  1909.01,  4143.78,  2154.58,  4861.36,  2469.87,  5588.38,  2860.18,  6306.11,  3341.42,  6937.68,  3975.48,  7470.88,  4745.58,  8559.71,  4730.90, 10042.89,  4330.93,      NaN,      NaN,      NaN,      NaN,      NaN,      NaN,      NaN,      NaN,      NaN,      NaN,      NaN,      NaN,      NaN,      NaN
      NaN,      NaN,      NaN,      NaN,      NaN,      NaN,      NaN,      NaN,      NaN,      NaN,      NaN,      NaN,      NaN,      NaN,      NaN,      NaN,      NaN,      NaN,      NaN,      NaN,      NaN,      NaN,      NaN,      NaN,      NaN,      NaN,      NaN,      NaN,      NaN,      NaN,      NaN,      NaN,      NaN,      NaN,      NaN,      NaN,      NaN,      NaN,      NaN,      NaN,      NaN,      NaN,      NaN,      NaN,  1302.95,  2310.27,  1934.10,  2403.46,  2567.62,  2524.57,  3202.58,  2706.35,  3837.27,  2951.74,  4467.57,  3264.02,  5083.75,  3648.86,  5664.59,  4117.38,  6173.43,  4689.76,  6582.82,  5362.35,  6960.53,  5823.43,      NaN,      NaN,      NaN,      NaN,      NaN,      NaN,      NaN,      NaN,      NaN,      NaN,      NaN,      NaN,      NaN,      NaN,      NaN,      NaN
      NaN,      NaN,      NaN,      NaN,      NaN,      NaN,      NaN,      NaN,      NaN,      NaN,      NaN,      NaN,      NaN,      NaN,      NaN,      NaN,      NaN,      NaN,      NaN,      NaN,      NaN,      NaN,      NaN,      NaN,      NaN,      NaN,      NaN,      NaN,      NaN,      NaN,      NaN,      NaN,      NaN,      NaN,      NaN,      NaN,      NaN,      NaN,      NaN,      NaN,      NaN,      NaN,      NaN,      NaN,  1211.33,  3080.48,  1782.40,  3179.10,  2352.65,  3304.48,  2917.78,  3485.58,  3473.85,  3725.16,  4014.36,  4026.19,  4528.71,  4392.64,  5000.89,  4830.01,  5410.60,  5344.12,  5741.15,  5932.78,  6048.16,  6553.71,      NaN,      NaN,      NaN,      NaN,      NaN,      NaN,      NaN,      NaN,      NaN,      NaN,      NaN,      NaN,      NaN,      NaN,      NaN,      NaN
      NaN,      NaN,      NaN,      NaN,      NaN,      NaN,      NaN,      NaN,      NaN,      NaN,      NaN,      NaN,      NaN,      NaN,      NaN,      NaN,      NaN,      NaN,      NaN,      NaN,      NaN,      NaN,      NaN,      NaN,      NaN,      NaN,      NaN,      NaN,      NaN,      NaN,      NaN,      NaN,      NaN,      NaN,      NaN,      NaN,      NaN,      NaN,      NaN,      NaN,      NaN,      NaN,      NaN,      NaN,  1095.03,  3854.07,  1597.86,  3953.42,  2097.40,  4078.46,  2586.67,  4253.83,  3060.80,  4481.56,  3513.12,  4763.64,  3934.78,  5102.09,  4314.87,  5498.78,  4641.81,  5954.42,  4906.48,  6466.32,  5145.24,  6999.19,      NaN,      NaN,      NaN,      NaN,      NaN,      NaN,      NaN,      NaN,      NaN,      NaN,      NaN,      NaN,      NaN,      NaN,      NaN,      NaN
      NaN,      NaN,      NaN,      NaN,      NaN,      NaN,      NaN,      NaN,      NaN,      NaN,      NaN,      NaN,      NaN,      NaN,      NaN,      NaN,      NaN,      NaN,      NaN,      NaN,      NaN,      NaN,      NaN,      NaN,      NaN,      NaN,      NaN,      NaN,      NaN,      NaN,      NaN,      NaN,      NaN,      NaN,      NaN,      NaN,      NaN,      NaN,      NaN,      NaN,      NaN,      NaN,   653.95,  4587.55,   980.08,  4656.45,  1380.41,  4734.66,  1802.15,  4854.40,  2210.45,  5018.35,  2600.48,  5227.66,  2966.45,  5483.22,  3301.70,  5785.51,  3599.03,  6134.40,  3851.61,  6528.68,  4054.12,  6965.45,  4197.81,  7365.37,  4237.28,  7604.55,      NaN,      NaN,      NaN,      NaN,      NaN,      NaN,      NaN,      NaN,      NaN,      NaN,      NaN,      NaN,      NaN,      NaN
      NaN,      NaN,      NaN,      NaN,      NaN,      NaN,      NaN,      NaN,      NaN,      NaN,      NaN,      NaN,      NaN,      NaN,      NaN,      NaN,      NaN,      NaN,      NaN,      NaN,      NaN,      NaN,      NaN,      NaN,      NaN,      NaN,      NaN,      NaN,      NaN,      NaN,      NaN,      NaN,      NaN,      NaN,      NaN,      NaN,      NaN,      NaN,      NaN,      NaN,   266.68,  5206.30,   562.71,  5325.34,   832.28,  5405.33,  1127.97,  5532.66,  1464.27,  5641.25,  1786.12,  5786.99,  2089.24,  5970.20,  2369.02,  6190.82,  2620.64,  6448.34,  2839.32,  6741.61,  3020.73,  7068.72,  3161.40,  7426.86,  3229.45,  7869.66,  3169.92,  8277.59,  2984.86,  9069.59,      NaN,      NaN,      NaN,      NaN,      NaN,      NaN,      NaN,      NaN,      NaN,      NaN,      NaN,      NaN
  -120.52, 10611.37,  -428.60, 10563.75,  -854.33, 10415.89, -1230.16, 10167.37, -1537.81,  9857.79, -1780.68,  9529.73, -1960.82,  9190.25, -2080.82,  8846.92, -2143.65,  8506.43, -2152.71,  8174.65, -2111.73,  7856.69, -2024.77,  7556.97, -1896.17,  7279.22, -1730.46,  7026.55, -1532.35,  6801.56, -1306.62,  6606.34, -1058.07,  6442.58,  -791.50,  6311.64,  -511.65,  6214.57,  -223.20,  6152.20,    93.50,  6178.82,   338.11,  6226.48,   595.93,  6271.84,   834.53,  6360.48,  1075.75,  6450.22,  1303.66,  6568.64,  1514.81,  6715.44,  1705.71,  6889.97,  1872.90,  7091.17,  2013.08,  7317.51,  2123.27,  7566.94,  2200.92,  7836.85,  2187.17,  8169.23,  2105.95,  8514.90,  1986.93,  8980.86,  1814.92,  9461.50,  1565.63,  9801.79,  1252.86, 10125.68,   872.99, 10389.39,   444.48, 10551.54,   135.01, 10607.99
    24.85,  9421.81,  -193.32,  9408.37,  -415.35,  9340.36,  -602.26,  9199.55,  -755.90,  9044.25,  -877.06,  8879.14,  -966.81,  8708.44, -1026.42,  8535.92, -1057.41,  8364.92, -1061.45,  8198.38, -1040.44,  8038.85,  -996.41,  7888.51,  -931.52,  7749.24,  -848.07,  7622.58,  -748.40,  7509.81,  -634.92,  7411.99,  -510.03,  7329.94,  -376.14,  7264.34,  -235.62,  7215.70,   -90.80,  7184.44,    55.98,  7170.86,   202.44,  7175.19,   346.25,  7197.54,   485.12,  7237.91,   616.71,  7296.16,   738.67,  7371.98,   848.65,  7464.85,   944.30,  7574.00,  1023.31,  7698.41,  1083.44,  7836.77,  1122.55,  7987.44,  1138.59,  8148.46,  1129.68,  8317.53,  1094.07,  8492.01,  1030.19,  8668.89,   936.64,  8844.80,   812.24,  9016.00,   656.02,  9178.37,   467.24,  9327.44,   243.57,  9402.53,    24.85,  9421.81
    42.60,  8225.71,    42.60,  8225.71,    42.60,  8225.71,    42.60,  8225.71,    42.60,  8225.71,    42.60,  8225.71,    42.60,  8225.71,    42.60,  8225.71,    42.60,  8225.71,    42.60,  8225.71,    42.60,  8225.71,    42.60,  8225.71,    42.60,  8225.71,    42.60,  8225.71,    42.60,  8225.71,    42.60,  8225.71,    42.60,  8225.71,    42.60,  8225.71,    42.60,  8225.71,    42.60,  8225.71,    42.60,  8225.71,    42.60,  8225.71,    42.60,  8225.71,    42.60,  8225.71,    42.60,  8225.71,    42.60,  8225.71,    42.60,  8225.71,    42.60,  8225.71,    42.60,  8225.71,    42.60,  8225.71,    42.60,  8225.71,    42.60,  8225.71,    42.60,  8225.71,    42.60,  8225.71,    42.60,  8225.71,    42.60,  8225.71,    42.60,  8225.71,    42.60,  8225.71,    42.60,  8225.71,    42.60,  8225.71,    42.60,  8225.71
sección 3:
frontera (11 vértices):
   0.0,  90.0
 -15.0, 105.0
 -15.0, 120.0
 -10.0, 130.0
 -10.0, 145.0
 -45.0, 180.0
 -90.0, 180.0
 -90.0,-180.0
  90.0,-180.0
  90.0,  90.0
   0.0,  90.0
puntos proyectados (21x41 puntos):
      NaN,      NaN,      NaN,      NaN,      NaN,      NaN,      NaN,      NaN,      NaN,      NaN,      NaN,      NaN,      NaN,      NaN,      NaN,      NaN,      NaN,      NaN,      NaN,      NaN,      NaN,      NaN,      NaN,      NaN,      NaN,      NaN,      NaN,      NaN,      NaN,      NaN,      NaN,      NaN,      NaN,      NaN,      NaN,      NaN,      NaN,      NaN,      NaN,      NaN,      NaN,      NaN,      NaN,      NaN,      NaN,      NaN,      NaN,      NaN,      NaN,      NaN,      NaN,      NaN,      NaN,      NaN,      NaN,      NaN,      NaN,      NaN,      NaN,      NaN,      NaN,      NaN,      NaN,      NaN,      NaN,      NaN,      NaN,      NaN,      NaN,      NaN,      NaN,      NaN,      NaN,      NaN,      NaN,      NaN,      NaN,      NaN,      NaN,      NaN,      NaN,      NaN
      NaN,      NaN,      NaN,      NaN,      NaN,      NaN,      NaN,      NaN,      NaN,      NaN,      NaN,      NaN,      NaN,      NaN,      NaN,      NaN,      NaN,      NaN,      NaN,      NaN,      NaN,      NaN,      NaN,      NaN,      NaN,      NaN,      NaN,      NaN,      NaN,      NaN,      NaN,      NaN,      NaN,      NaN,      NaN,      NaN,      NaN,      NaN,      NaN,      NaN,      NaN,      NaN,      NaN,      NaN,      NaN,      NaN,      NaN,      NaN,      NaN,      NaN,      NaN,      NaN,      NaN,      NaN,      NaN,      NaN,      NaN,      NaN,      NaN,      NaN,      NaN,      NaN,      NaN,      NaN,      NaN,      NaN,      NaN,      NaN,      NaN,      NaN,      NaN,      NaN,      NaN,      NaN,      NaN,      NaN,      NaN,      NaN,      NaN,      NaN,      NaN,      NaN
      NaN,      NaN,      NaN,      NaN,      NaN,      NaN,      NaN,      NaN,      NaN,      NaN,      NaN,      NaN,      NaN,      NaN,      NaN,      NaN,      NaN,      NaN,      NaN,      NaN,      NaN,      NaN,      NaN,      NaN,      NaN,      NaN,      NaN,      NaN,      NaN,      NaN,      NaN,      NaN,      NaN,      NaN,      NaN,      NaN,      NaN,      NaN,      NaN,      NaN,      NaN,      NaN,      NaN,      NaN,      NaN,      NaN,      NaN,      NaN,      NaN,      NaN,      NaN,      NaN,      NaN,      NaN,      NaN,      NaN,      NaN,      NaN,      NaN,      NaN,      NaN,      NaN,      NaN,      NaN,      NaN,      NaN,      NaN,      NaN,      NaN,      NaN,      NaN,      NaN,      NaN,      NaN,      NaN,      NaN,      NaN,      NaN,      NaN,      NaN,      NaN,      NaN
 16998.96, 12177.80, 17117.40, 12820.01,      NaN,      NaN,      NaN,      NaN,      NaN,      NaN,      NaN,      NaN,      NaN,      NaN,      NaN,      NaN,      NaN,      NaN,      NaN,      NaN,      NaN,      NaN,      NaN,      NaN,      NaN,      NaN,      NaN,      NaN,      NaN,      NaN,      NaN,      NaN,      NaN,      NaN,      NaN,      NaN,      NaN,      NaN,      NaN,      NaN,      NaN,      NaN,      NaN,      NaN,      NaN,      NaN,      NaN,      NaN,      NaN,      NaN,      NaN,      NaN,      NaN,      NaN,      NaN,      NaN,      NaN,      NaN,      NaN,      NaN,      NaN,      NaN,      NaN,      NaN,      NaN,      NaN,      NaN,      NaN,      NaN,      NaN,      NaN,      NaN,      NaN,      NaN,      NaN,      NaN, 16979.94, 11182.04, 16970.98, 11759.33, 17016.94, 12331.28
 16024.24, 12391.16, 16136.98, 12986.73, 16259.11, 13644.18,      NaN,      NaN,      NaN,      NaN,      NaN,      NaN,      NaN,      NaN,      NaN,      NaN,      NaN,      NaN,      NaN,      NaN,      NaN,      NaN,      NaN,      NaN,      NaN,      NaN,      NaN,      NaN,      NaN,      NaN,      NaN,      NaN,      NaN,      NaN,      NaN,      NaN,      NaN,      NaN,      NaN,      NaN,      NaN,      NaN,      NaN,      NaN,      NaN,      NaN,      NaN,      NaN,      NaN,      NaN,      NaN,      NaN,      NaN,      NaN,      NaN,      NaN,      NaN,      NaN,      NaN,      NaN,      NaN,      NaN,      NaN,      NaN,      NaN,      NaN,      NaN,      NaN,      NaN,      NaN,      NaN,      NaN, 16039.76,  9799.34, 16016.00, 10437.01, 15985.50, 11180.27, 15973.57, 11786.50, 16024.24, 12391.16
 15038.89, 12526.44, 15167.57, 13227.12, 15292.73, 13920.71,      NaN,      NaN,      NaN,      NaN,      NaN,      NaN,      NaN,      NaN,      NaN,      NaN,      NaN,      NaN,      NaN,      NaN,      NaN,      NaN,      NaN,      NaN,      NaN,      NaN,      NaN,      NaN,      NaN,      NaN,      NaN,      NaN,      NaN,      NaN,      NaN,      NaN,      NaN,      NaN,      NaN,      NaN,      NaN,      NaN,      NaN,      NaN,      NaN,      NaN,      NaN,      NaN,      NaN,      NaN,      NaN,      NaN,      NaN,      NaN,      NaN,      NaN,      NaN,      NaN,      NaN,      NaN,      NaN,      NaN,      NaN,      NaN,      NaN,      NaN,      NaN,      NaN,      NaN,      NaN,      NaN,      NaN, 15094.60,  9455.54, 15028.11, 10330.95, 14989.10, 11104.40, 14979.30, 11816.86, 15038.89, 12526.44
 14058.25, 12656.36, 14195.23, 13452.75, 14327.77, 14239.81,      NaN,      NaN,      NaN,      NaN,      NaN,      NaN,      NaN,      NaN,      NaN,      NaN,      NaN,      NaN,      NaN,      NaN,      NaN,      NaN,      NaN,      NaN,      NaN,      NaN,      NaN,      NaN,      NaN,      NaN,      NaN,      NaN,      NaN,      NaN,      NaN,      NaN,      NaN,      NaN,      NaN,      NaN,      NaN,      NaN,      NaN,      NaN,      NaN,      NaN,      NaN,      NaN,      NaN,      NaN,      NaN,      NaN,      NaN,      NaN,      NaN,      NaN,      NaN,      NaN,      NaN,      NaN,      NaN,      NaN,      NaN,      NaN,      NaN,      NaN,      NaN,      NaN, 13888.69,  6551.08, 14042.67,  8202.45, 14080.74,  9272.45, 14036.75, 10219.15, 13991.78, 11044.13, 13990.92, 11853.10, 14058.25, 12656.36
 13078.64, 12778.09, 13215.17, 13653.82, 13347.68, 14518.93,      NaN,      NaN,      NaN,      NaN,      NaN,      NaN,      NaN,      NaN,      NaN,      NaN,      NaN,      NaN,      NaN,      NaN,      NaN,      NaN,      NaN,      NaN,      NaN,      NaN,      NaN,      NaN,      NaN,      NaN,      NaN,      NaN,      NaN,      NaN,      NaN,      NaN,      NaN,      NaN,      NaN,      NaN,      NaN,      NaN,      NaN,      NaN,      NaN,      NaN,      NaN,      NaN,      NaN,      NaN,      NaN,      NaN,      NaN,      NaN,      NaN,      NaN,      NaN,      NaN, 11380.19,  1134.52, 11729.15,  2130.09, 12102.79,  3161.44, 12451.25,  4249.87, 12740.85,  5442.45, 12989.64,  6853.90, 13054.73,  8055.08, 13112.27,  9217.46, 13038.73, 10126.98, 12996.65, 11015.52, 13006.43, 11898.49, 13078.64, 12778.09
 12097.35, 12887.53, 12225.87, 13824.53, 12350.90, 14750.69,      NaN,      NaN,      NaN,      NaN,      NaN,      NaN,      NaN,      NaN,      NaN,      NaN,      NaN,      NaN,      NaN,      NaN,      NaN,      NaN,      NaN,      NaN,      NaN,      NaN,      NaN,      NaN,      NaN,      NaN,      NaN,      NaN,      NaN,      NaN,      NaN,      NaN,      NaN,      NaN,      NaN,      NaN,      NaN,      NaN,      NaN,      NaN,      NaN,      NaN,      NaN,      NaN,      NaN,      NaN,      NaN,      NaN,      NaN,      NaN,      NaN,      NaN,  9963.18,   379.65, 10337.80,  1397.54, 10725.66,  2413.05, 11074.19,  3423.32, 11436.99,  4496.78, 11749.65,  5626.31, 11982.88,  6797.58, 12117.02,  8008.03, 12103.93,  9104.88, 12039.02, 10063.94, 12006.94, 11007.73, 12024.17, 11948.59, 12097.35, 12887.53
 11111.48, 12982.26, 11225.38, 13962.35, 11332.17, 14933.13,      NaN,      NaN,      NaN,      NaN,      NaN,      NaN,      NaN,      NaN,      NaN,      NaN,      NaN,      NaN,      NaN,      NaN,      NaN,      NaN,      NaN,      NaN,      NaN,      NaN,      NaN,      NaN,      NaN,      NaN,      NaN,      NaN,      NaN,      NaN,      NaN,      NaN,      NaN,      NaN,      NaN,      NaN,      NaN,      NaN,      NaN,      NaN,      NaN,      NaN,      NaN,      NaN,      NaN,      NaN,      NaN,      NaN,      NaN,      NaN,      NaN,      NaN,  8841.89,   702.15,  9302.71,  1667.39,  9699.01,  2677.04, 10084.38,  3711.50, 10442.50,  4769.41, 10737.64,  5847.54, 10951.46,  6937.19, 11070.02,  8020.84, 11089.48,  9056.65, 11045.56, 10040.49, 11020.79, 11019.88, 11042.12, 12001.30, 11111.48, 12982.26
 10113.96, 13056.93, 10197.43, 14064.40, 10231.94, 15055.82,      NaN,      NaN,      NaN,      NaN,      NaN,      NaN,      NaN,      NaN,      NaN,      NaN,      NaN,      NaN,      NaN,      NaN,      NaN,      NaN,      NaN,      NaN,      NaN,      NaN,      NaN,      NaN,      NaN,      NaN,      NaN,      NaN,      NaN,      NaN,      NaN,      NaN,      NaN,      NaN,      NaN,      NaN,      NaN,      NaN,      NaN,      NaN,      NaN,      NaN,      NaN,      NaN,      NaN,      NaN,      NaN,      NaN,      NaN,      NaN,      NaN,      NaN,  7575.56,  1216.36,  8201.58,  1973.45,  8678.04,  2936.55,  9121.11,  3982.17,  9485.21,  5029.22,  9766.19,  6068.00,  9962.89,  7099.03, 10073.77,  8117.46, 10105.77,  9113.95, 10083.12, 10089.17, 10050.76, 11063.02, 10061.33, 12055.19, 10113.96, 13056.93
  9058.89, 13081.67,  9039.58, 14094.66,  9028.65, 15075.09,      NaN,      NaN,      NaN,      NaN,      NaN,      NaN,      NaN,      NaN,      NaN,      NaN,      NaN,      NaN,      NaN,      NaN,      NaN,      NaN,      NaN,      NaN,      NaN,      NaN,      NaN,      NaN,      NaN,      NaN,      NaN,      NaN,      NaN,      NaN,      NaN,      NaN,      NaN,      NaN,      NaN,      NaN,      NaN,      NaN,      NaN,      NaN,      NaN,      NaN,      NaN,      NaN,      NaN,      NaN,      NaN,      NaN,      NaN,      NaN,      NaN,      NaN,  6394.92,  1831.09,  6922.30,  2469.07,  7685.63,  3178.83,  8224.77,  4281.08,  8579.01,  5319.50,  8836.38,  6314.78,  9013.52,  7291.04,  9114.93,  8255.70,  9149.91,  9211.17,  9137.61, 10162.70,  9105.47, 11120.37,  9078.31, 12092.46,  9058.89, 13081.67
  7988.99, 13026.39,  7880.26, 14000.77,  7777.77, 14950.44,      NaN,      NaN,      NaN,      NaN,      NaN,      NaN,      NaN,      NaN,      NaN,      NaN,      NaN,      NaN,      NaN,      NaN,      NaN,      NaN,      NaN,      NaN,      NaN,      NaN,      NaN,      NaN,      NaN,      NaN,      NaN,      NaN,      NaN,      NaN,      NaN,      NaN,      NaN,      NaN,      NaN,      NaN,      NaN,      NaN,      NaN,      NaN,      NaN,      NaN,      NaN,      NaN,      NaN,      NaN,      NaN,      NaN,      NaN,      NaN,      NaN,      NaN,  5639.65,  2756.19,  6306.11,  3341.42,  6937.68,  3975.48,  7470.88,  4745.58,  7722.16,  5689.59,  7937.88,  6606.23,  8090.36,  7513.35,  8177.33,  8416.83,  8205.54,  9320.07,  8187.75, 10227.39,  8139.56, 11144.42,  8072.93, 12076.09,  7988.99, 13026.39
  6908.78, 12884.93,  6725.02, 13789.83,  6549.34, 14671.60,      NaN,      NaN,      NaN,      NaN,      NaN,      NaN,      NaN,      NaN,      NaN,      NaN,      NaN,      NaN,      NaN,      NaN,      NaN,      NaN,      NaN,      NaN,      NaN,      NaN,      NaN,      NaN,      NaN,      NaN,      NaN,      NaN,      NaN,      NaN,      NaN,      NaN,      NaN,      NaN,      NaN,      NaN,      NaN,      NaN,      NaN,      NaN,      NaN,      NaN,      NaN,      NaN,      NaN,      NaN,      NaN,      NaN,      NaN,      NaN,      NaN,      NaN,  5094.43,  3577.63,  5664.59,  4117.38,  6173.43,  4689.76,  6582.82,  5362.35,  6851.37,  6132.97,  7046.39,  6938.76,  7176.30,  7759.10,  7245.27,  8588.24,  7259.26,  9425.08,  7226.31, 10270.80,  7154.64, 11127.74,  7049.28, 11998.35,  6908.78, 12884.93
  5821.56, 12651.08,  5580.04, 13460.36,  5349.21, 14247.97,      NaN,      NaN,      NaN,      NaN,      NaN,      NaN,      NaN,      NaN,      NaN,      NaN,      NaN,      NaN,      NaN,      NaN,      NaN,      NaN,      NaN,      NaN,      NaN,      NaN,      NaN,      NaN,      NaN,      NaN,      NaN,      NaN,      NaN,      NaN,      NaN,      NaN,      NaN,      NaN,      NaN,      NaN,      NaN,      NaN,      NaN,      NaN,      NaN,      NaN,      NaN,      NaN,      NaN,      NaN,      NaN,      NaN,      NaN,      NaN,      NaN,      NaN,  4543.40,  4342.48,  5000.89,  4830.01,  5410.60,  5344.12,  5741.15,  5932.78,  5982.05,  6588.45,  6151.07,  7287.51,  6256.75,  8013.37,  6304.54,  8756.97,  6299.35,  9513.83,  6246.08, 10282.07,  6148.66, 11061.15,  6008.24, 11850.93,  5821.56, 12651.08
  4728.91, 12317.11,  4451.48, 13009.14,  4186.95, 13681.57,      NaN,      NaN,      NaN,      NaN,      NaN,      NaN,      NaN,      NaN,      NaN,      NaN,      NaN,      NaN,      NaN,      NaN,      NaN,      NaN,      NaN,      NaN,      NaN,      NaN,      NaN,      NaN,      NaN,      NaN,      NaN,      NaN,      NaN,      NaN,      NaN,      NaN,      NaN,      NaN,      NaN,      NaN,      NaN,      NaN,      NaN,      NaN,      NaN,      NaN,      NaN,      NaN,      NaN,      NaN,      NaN,      NaN,      NaN,      NaN,      NaN,      NaN,  3952.01,  5065.12,  4314.87,  5498.78,  4641.81,  5954.42,  4906.48,  6466.32,  5104.72,  7028.20,  5240.52,  7629.05,  5318.21,  8258.40,  5341.61,  8908.26,  5314.14,  9573.09,  5238.64, 10249.08,  5116.79, 10933.48,  4948.10, 11623.79,  4728.91, 12317.11
  3628.48, 11872.85,  3341.29, 12431.87,  3049.54, 12750.23,  2751.81, 12834.79,      NaN,      NaN,      NaN,      NaN,      NaN,      NaN,      NaN,      NaN,      NaN,      NaN,      NaN,      NaN,      NaN,      NaN,      NaN,      NaN,      NaN,      NaN,      NaN,      NaN,      NaN,      NaN,      NaN,      NaN,      NaN,      NaN,      NaN,      NaN,      NaN,      NaN,      NaN,      NaN,      NaN,      NaN,      NaN,      NaN,      NaN,      NaN,      NaN,      NaN,      NaN,      NaN,      NaN,      NaN,      NaN,      NaN,  3118.91,  5460.06,  3323.66,  5778.59,  3599.03,  6134.40,  3851.61,  6528.68,  4054.12,  6965.45,  4203.75,  7439.99,  4300.59,  7945.88,  4346.03,  8476.33,  4341.98,  9025.03,  4290.41,  9586.55,  4193.03, 10156.25,  4050.80, 10729.98,  3863.36, 11303.68,  3628.48, 11872.85
  2506.97, 11301.08,  2236.88, 11717.23,  1292.65, 11761.26,   486.63, 11509.34, -1088.04, 10851.27,      NaN,      NaN,      NaN,      NaN,      NaN,      NaN,      NaN,      NaN,      NaN,      NaN,      NaN,      NaN,      NaN,      NaN,      NaN,      NaN,      NaN,      NaN,      NaN,      NaN,      NaN,      NaN,      NaN,      NaN,      NaN,      NaN,      NaN,      NaN,      NaN,      NaN,      NaN,      NaN,      NaN,      NaN,      NaN,      NaN,      NaN,      NaN,      NaN,      NaN,      NaN,      NaN,  2483.90,  6091.53,  2564.28,  6256.54,  2695.62,  6483.59,  2839.32,  6741.61,  3020.73,  7068.72,  3161.40,  7426.86,  3259.03,  7812.28,  3312.56,  8220.46,  3321.93,  8646.43,  3287.78,  9085.11,  3211.18,  9531.54,  3093.50,  9980.94,  2936.14, 10428.70,  2740.30, 10870.23,  2506.97, 11301.08
  1321.43, 10554.25,  1076.52, 10808.06,   279.10, 10584.08,  -282.20, 10282.35, -1004.05,  9929.69, -1780.68,  9529.73, -1960.82,  9190.25, -2080.82,  8846.92, -2143.65,  8506.43, -2152.71,  8174.65, -2111.73,  7856.69, -2024.77,  7556.97, -1896.17,  7279.22, -1730.46,  7026.55, -1532.35,  6801.56, -1306.62,  6606.34, -1058.07,  6442.58,  -791.50,  6311.64,  -511.65,  6214.57,  -223.20,  6152.20,    69.19,  6125.16,   360.92,  6133.87,   647.38,  6178.57,   923.93,  6259.25,  1185.90,  6375.59,  1428.62,  6526.97,  1631.61,  6732.12,  1751.04,  6885.32,  1894.38,  7097.37,  2013.08,  7317.51,  2123.27,  7566.94,  2200.92,  7836.85,  2244.05,  8124.13,  2251.30,  8425.15,  2221.93,  8735.93,  2155.86,  9052.17,  2053.64,  9369.46,  1916.55,  9683.35,  1746.65,  9989.56,  1546.57, 10281.32,  1321.43, 10554.25
    24.85,  9421.81,  -193.32,  9408.37,  -415.35,  9340.36,  -602.26,  9199.55,  -755.90,  9044.25,  -877.06,  8879.14,  -966.81,  8708.44, -1026.42,  8535.92, -1057.41,  8364.92, -1061.45,  8198.38, -1040.44,  8038.85,  -996.41,  7888.51,  -931.52,  7749.24,  -848.07,  7622.58,  -748.40,  7509.81,  -634.92,  7411.99,  -510.03,  7329.94,  -376.14,  7264.34,  -235.62,  7215.70,   -90.80,  7184.44,    55.98,  7170.86,   202.44,  7175.19,   346.25,  7197.54,   485.12,  7237.91,   616.71,  7296.16,   738.67,  7371.98,   848.65,  7464.85,   944.30,  7574.00,  1023.31,  7698.41,  1083.44,  7836.77,  1122.55,  7987.44,  1138.59,  8148.46,  1129.68,  8317.53,  1094.07,  8492.01,  1030.19,  8668.89,   936.64,  8844.80,   812.24,  9016.00,   656.02,  9178.37,   467.24,  9327.44,   243.57,  9402.53,    24.85,  9421.81
    42.60,  8225.71,    42.60,  8225.71,    42.60,  8225.71,    42.60,  8225.71,    42.60,  8225.71,    42.60,  8225.71,    42.60,  8225.71,    42.60,  8225.71,    42.60,  8225.71,    42.60,  8225.71,    42.60,  8225.71,    42.60,  8225.71,    42.60,  8225.71,    42.60,  8225.71,    42.60,  8225.71,    42.60,  8225.71,    42.60,  8225.71,    42.60,  8225.71,    42.60,  8225.71,    42.60,  8225.71,    42.60,  8225.71,    42.60,  8225.71,    42.60,  8225.71,    42.60,  8225.71,    42.60,  8225.71,    42.60,  8225.71,    42.60,  8225.71,    42.60,  8225.71,    42.60,  8225.71,    42.60,  8225.71,    42.60,  8225.71,    42.60,  8225.71,    42.60,  8225.71,    42.60,  8225.71,    42.60,  8225.71,    42.60,  8225.71,    42.60,  8225.71,    42.60,  8225.71,    42.60,  8225.71,    42.60,  8225.71,    42.60,  8225.71
sección 4:
frontera (6 vértices):
  90.0,-180.0
 -45.0,-180.0
   0.0,-135.0
   0.0, -90.0
  90.0, -90.0
  90.0,-180.0
puntos proyectados (21x41 puntos):
      NaN,      NaN,      NaN,      NaN,      NaN,      NaN,      NaN,      NaN,      NaN,      NaN,      NaN,      NaN,      NaN,      NaN,      NaN,      NaN,      NaN,      NaN,      NaN,      NaN,      NaN,      NaN,      NaN,      NaN,      NaN,      NaN,      NaN,      NaN,      NaN,      NaN,      NaN,      NaN,      NaN,      NaN,      NaN,      NaN,      NaN,      NaN,      NaN,      NaN,      NaN,      NaN,      NaN,      NaN,      NaN,      NaN,      NaN,      NaN,      NaN,      NaN,      NaN,      NaN,      NaN,      NaN,      NaN,      NaN,      NaN,      NaN,      NaN,      NaN,      NaN,      NaN,      NaN,      NaN,      NaN,      NaN,      NaN,      NaN,      NaN,      NaN,      NaN,      NaN,      NaN,      NaN,      NaN,      NaN,      NaN,      NaN,      NaN,      NaN,      NaN,      NaN
      NaN,      NaN,      NaN,      NaN,      NaN,      NaN,      NaN,      NaN,      NaN,      NaN,      NaN,      NaN,      NaN,      NaN,      NaN,      NaN,      NaN,      NaN,      NaN,      NaN,      NaN,      NaN,      NaN,      NaN,      NaN,      NaN,      NaN,      NaN,      NaN,      NaN,      NaN,      NaN,      NaN,      NaN,      NaN,      NaN,      NaN,      NaN,      NaN,      NaN,      NaN,      NaN,      NaN,      NaN,      NaN,      NaN,      NaN,      NaN,      NaN,      NaN,      NaN,      NaN,      NaN,      NaN,      NaN,      NaN,      NaN,      NaN,      NaN,      NaN,      NaN,      NaN,      NaN,      NaN,      NaN,      NaN,      NaN,      NaN,      NaN,      NaN,      NaN,      NaN,      NaN,      NaN,      NaN,      NaN,      NaN,      NaN,      NaN,      NaN,      NaN,      NaN
      NaN,      NaN,      NaN,      NaN,      NaN,      NaN,      NaN,      NaN,      NaN,      NaN,      NaN,      NaN,      NaN,      NaN,      NaN,      NaN,      NaN,      NaN,      NaN,      NaN,      NaN,      NaN,      NaN,      NaN,      NaN,      NaN,      NaN,      NaN,      NaN,      NaN,      NaN,      NaN,      NaN,      NaN,      NaN,      NaN,      NaN,      NaN,      NaN,      NaN,      NaN,      NaN,      NaN,      NaN,      NaN,      NaN,      NaN,      NaN,      NaN,      NaN,      NaN,      NaN,      NaN,      NaN,      NaN,      NaN,      NaN,      NaN,      NaN,      NaN,      NaN,      NaN,      NaN,      NaN,      NaN,      NaN,      NaN,      NaN,      NaN,      NaN,      NaN,      NaN,      NaN,      NaN,      NaN,      NaN,      NaN,      NaN,      NaN,      NaN,      NaN,      NaN
-17054.06, 12682.21,-17034.59, 12035.75,-17062.10, 11425.24,      NaN,      NaN,      NaN,      NaN,      NaN,      NaN,      NaN,      NaN,      NaN,      NaN,      NaN,      NaN,      NaN,      NaN,      NaN,      NaN,      NaN,      NaN,      NaN,      NaN,      NaN,      NaN,      NaN,      NaN,      NaN,      NaN,      NaN,      NaN,      NaN,      NaN,      NaN,      NaN,      NaN,      NaN,      NaN,      NaN,      NaN,      NaN,      NaN,      NaN,      NaN,      NaN,      NaN,      NaN,      NaN,      NaN,      NaN,      NaN,      NaN,      NaN,      NaN,      NaN,      NaN,      NaN,      NaN,      NaN,      NaN,      NaN,      NaN,      NaN,      NaN,      NaN,      NaN,      NaN,      NaN,      NaN,      NaN,      NaN,      NaN,      NaN,-17237.58, 13659.01,-17110.97, 13096.39,-17039.72, 12526.83
-16055.55, 12670.14,-16044.24, 12064.10,-16069.66, 11345.74,-16132.08, 10599.66,      NaN,      NaN,      NaN,      NaN,      NaN,      NaN,      NaN,      NaN,      NaN,      NaN,      NaN,      NaN,      NaN,      NaN,      NaN,      NaN,      NaN,      NaN,      NaN,      NaN,      NaN,      NaN,      NaN,      NaN,      NaN,      NaN,      NaN,      NaN,      NaN,      NaN,      NaN,      NaN,      NaN,      NaN,      NaN,      NaN,      NaN,      NaN,      NaN,      NaN,      NaN,      NaN,      NaN,      NaN,      NaN,      NaN,      NaN,      NaN,      NaN,      NaN,      NaN,      NaN,      NaN,      NaN,      NaN,      NaN,      NaN,      NaN,      NaN,      NaN,      NaN,      NaN,      NaN,      NaN,      NaN,      NaN,-16427.42, 14528.34,-16264.56, 13863.70,-16129.34, 13272.58,-16055.55, 12670.14
-15063.63, 12738.64,-15045.35, 12024.65,-15080.10, 11300.21,-15146.92, 10478.80,-15251.56,  9637.23,      NaN,      NaN,      NaN,      NaN,      NaN,      NaN,      NaN,      NaN,      NaN,      NaN,      NaN,      NaN,      NaN,      NaN,      NaN,      NaN,      NaN,      NaN,      NaN,      NaN,      NaN,      NaN,      NaN,      NaN,      NaN,      NaN,      NaN,      NaN,      NaN,      NaN,      NaN,      NaN,      NaN,      NaN,      NaN,      NaN,      NaN,      NaN,      NaN,      NaN,      NaN,      NaN,      NaN,      NaN,      NaN,      NaN,      NaN,      NaN,      NaN,      NaN,      NaN,      NaN,      NaN,      NaN,      NaN,      NaN,      NaN,      NaN,      NaN,      NaN,      NaN,      NaN,      NaN,      NaN,-15481.54, 14824.19,-15304.44, 14141.02,-15149.82, 13445.81,-15063.63, 12738.64
-14078.52, 12814.38,-14050.77, 12009.84,-14085.10, 11200.81,-14163.34, 10378.04,-14254.59,  9450.74,-14370.60,  8478.72,      NaN,      NaN,      NaN,      NaN,      NaN,      NaN,      NaN,      NaN,      NaN,      NaN,      NaN,      NaN,      NaN,      NaN,      NaN,      NaN,      NaN,      NaN,      NaN,      NaN,      NaN,      NaN,      NaN,      NaN,      NaN,      NaN,      NaN,      NaN,      NaN,      NaN,      NaN,      NaN,      NaN,      NaN,      NaN,      NaN,      NaN,      NaN,      NaN,      NaN,      NaN,      NaN,      NaN,      NaN,      NaN,      NaN,      NaN,      NaN,      NaN,      NaN,      NaN,      NaN,      NaN,      NaN,      NaN,      NaN,      NaN,      NaN,      NaN,      NaN,      NaN,      NaN,-14528.01, 15170.91,-14339.45, 14403.05,-14174.30, 13613.19,-14078.52, 12814.38
-13097.12, 12892.34,-13063.06, 12011.76,-13090.20, 11129.71,-13169.25, 10244.26,-13280.61,  9339.29,-13317.92,  8228.55,-13194.67,  7028.06,-12638.08,  4941.74,      NaN,      NaN,      NaN,      NaN,      NaN,      NaN,      NaN,      NaN,      NaN,      NaN,      NaN,      NaN,      NaN,      NaN,      NaN,      NaN,      NaN,      NaN,      NaN,      NaN,      NaN,      NaN,      NaN,      NaN,      NaN,      NaN,      NaN,      NaN,      NaN,      NaN,      NaN,      NaN,      NaN,      NaN,      NaN,      NaN,      NaN,      NaN,      NaN,      NaN,      NaN,      NaN,      NaN,      NaN,      NaN,      NaN,      NaN,      NaN,      NaN,      NaN,      NaN,      NaN,      NaN,      NaN,      NaN,      NaN,      NaN,      NaN,-13549.95, 15442.84,-13366.24, 14633.65,-13197.91, 13769.48,-13097.12, 12892.34
-12114.70, 12966.57,-12078.19, 12024.05,-12098.97, 11081.80,-12170.71, 10138.29,-12277.04,  9178.65,-12349.26,  8118.98,-12135.24,  6778.84,-11855.86,  5363.34,-11272.62,  3725.22,-10551.72,  2395.09, -9646.84,  1167.06, -8627.09,   432.98,      NaN,      NaN,      NaN,      NaN,      NaN,      NaN,      NaN,      NaN,      NaN,      NaN,      NaN,      NaN,      NaN,      NaN,      NaN,      NaN,      NaN,      NaN,      NaN,      NaN,      NaN,      NaN,      NaN,      NaN,      NaN,      NaN,      NaN,      NaN,      NaN,      NaN,      NaN,      NaN,      NaN,      NaN,      NaN,      NaN,      NaN,      NaN,      NaN,      NaN,      NaN,      NaN,      NaN,      NaN,      NaN,      NaN,      NaN,      NaN,      NaN,      NaN,-12533.92, 15667.50,-12356.26, 14810.70,-12210.57, 13910.12,-12114.70, 12966.57
-11128.11, 13026.79,-11093.87, 12042.23,-11110.22, 11057.57,-11174.69, 10072.76,-11244.94,  9057.55,-11271.49,  7964.01,-11170.64,  6729.45,-10857.93,  5409.87,-10357.06,  4111.64, -9630.99,  2869.98, -8682.48,  1780.71, -7738.03,  1103.79, -6799.34,   699.57,      NaN,      NaN,      NaN,      NaN,      NaN,      NaN,      NaN,      NaN,      NaN,      NaN,      NaN,      NaN,      NaN,      NaN,      NaN,      NaN,      NaN,      NaN,      NaN,      NaN,      NaN,      NaN,      NaN,      NaN,      NaN,      NaN,      NaN,      NaN,      NaN,      NaN,      NaN,      NaN,      NaN,      NaN,      NaN,      NaN,      NaN,      NaN,      NaN,      NaN,      NaN,      NaN,      NaN,      NaN,      NaN,      NaN,      NaN,      NaN,-11412.34, 15847.28,-11311.19, 14947.48,-11207.79, 14010.48,-11128.11, 13026.79
-10132.80, 13072.07,-10113.18, 12068.35,-10140.73, 11073.64,-10203.67, 10083.19,-10246.13,  9068.73,-10236.81,  8010.99,-10124.12,  6895.77, -9859.02,  5743.47, -9428.06,  4591.59, -8794.10,  3466.64, -7886.36,  2388.97, -6950.37,  1961.99, -6080.63,  1635.25,      NaN,      NaN,      NaN,      NaN,      NaN,      NaN,      NaN,      NaN,      NaN,      NaN,      NaN,      NaN,      NaN,      NaN,      NaN,      NaN,      NaN,      NaN,      NaN,      NaN,      NaN,      NaN,      NaN,      NaN,      NaN,      NaN,      NaN,      NaN,      NaN,      NaN,      NaN,      NaN,      NaN,      NaN,      NaN,      NaN,      NaN,      NaN,      NaN,      NaN,      NaN,      NaN,      NaN,      NaN,      NaN,      NaN,      NaN,      NaN,      NaN,      NaN,-10221.35, 15042.84,-10187.31, 14079.24,-10132.80, 13072.07
 -9092.62, 13076.49, -9134.22, 12085.94, -9186.83, 11107.61, -9241.86, 10134.84, -9271.04,  9155.55, -9247.51,  8159.75, -9139.81,  7144.99, -8922.10,  6122.02, -8587.10,  5109.39, -8118.62,  4127.74, -7451.68,  3282.90, -6597.20,  2848.71, -5702.44,  2557.18,      NaN,      NaN,      NaN,      NaN,      NaN,      NaN,      NaN,      NaN,      NaN,      NaN,      NaN,      NaN,      NaN,      NaN,      NaN,      NaN,      NaN,      NaN,      NaN,      NaN,      NaN,      NaN,      NaN,      NaN,      NaN,      NaN,      NaN,      NaN,      NaN,      NaN,      NaN,      NaN,      NaN,      NaN,      NaN,      NaN,      NaN,      NaN,      NaN,      NaN,      NaN,      NaN,      NaN,      NaN,      NaN,      NaN,      NaN,      NaN,      NaN,      NaN, -9026.49, 15066.57, -9055.93, 14086.13, -9092.62, 13076.49
 -8035.33, 13013.71, -8131.79, 12062.62, -8214.12, 11126.08, -8277.39, 10199.06, -8306.39,  9276.03, -8283.10,  8353.33, -8188.97,  7432.21, -8012.54,  6520.16, -7763.64,  5626.89, -7504.35,  4747.69, -6832.22,  4136.28, -6117.49,  3658.02, -5381.70,  3260.10,      NaN,      NaN,      NaN,      NaN,      NaN,      NaN,      NaN,      NaN,      NaN,      NaN,      NaN,      NaN,      NaN,      NaN,      NaN,      NaN,      NaN,      NaN,      NaN,      NaN,      NaN,      NaN,      NaN,      NaN,      NaN,      NaN,      NaN,      NaN,      NaN,      NaN,      NaN,      NaN,      NaN,      NaN,      NaN,      NaN,      NaN,      NaN,      NaN,      NaN,      NaN,      NaN,      NaN,      NaN,      NaN,      NaN,      NaN,      NaN,      NaN,      NaN, -7809.21, 14933.94, -7919.99, 13985.14, -8035.33, 13013.71
 -6963.14, 12876.41, -7108.16, 11989.22, -7221.41, 11116.09, -7301.19, 10254.67, -7339.62,  9403.21, -7325.74,  8561.69, -7248.24,  7733.39, -7098.95,  6926.01, -6875.45,  6152.94, -6574.40,  5441.85, -6099.76,  4866.14, -5536.70,  4390.08, -4904.80,  3963.46,      NaN,      NaN,      NaN,      NaN,      NaN,      NaN,      NaN,      NaN,      NaN,      NaN,      NaN,      NaN,      NaN,      NaN,      NaN,      NaN,      NaN,      NaN,      NaN,      NaN,      NaN,      NaN,      NaN,      NaN,      NaN,      NaN,      NaN,      NaN,      NaN,      NaN,      NaN,      NaN,      NaN,      NaN,      NaN,      NaN,      NaN,      NaN,      NaN,      NaN,      NaN,      NaN,      NaN,      NaN,      NaN,      NaN,      NaN,      NaN,      NaN,      NaN, -6605.12, 14662.51, -6781.27, 13780.37, -6963.14, 12876.41
 -5877.19, 12655.58, -6062.63, 11854.49, -6205.00, 11064.05, -6304.96, 10284.75, -6358.93,  9517.55, -6360.74,  8764.79, -6303.45,  8031.18, -6180.85,  7324.69, -5987.70,  6657.75, -5716.50,  6049.01, -5346.33,  5521.03, -4900.13,  5066.82, -4400.44,  4648.06,      NaN,      NaN,      NaN,      NaN,      NaN,      NaN,      NaN,      NaN,      NaN,      NaN,      NaN,      NaN,      NaN,      NaN,      NaN,      NaN,      NaN,      NaN,      NaN,      NaN,      NaN,      NaN,      NaN,      NaN,      NaN,      NaN,      NaN,      NaN,      NaN,      NaN,      NaN,      NaN,      NaN,      NaN,      NaN,      NaN,      NaN,      NaN,      NaN,      NaN,      NaN,      NaN,      NaN,      NaN,      NaN,      NaN,      NaN,      NaN,      NaN,      NaN, -5416.62, 14256.34, -5642.92, 13466.60, -5877.19, 12655.58
 -4777.35, 12339.63, -4992.13, 11644.73, -5158.94, 10954.74, -5279.44, 10272.56, -5352.28,  9601.19, -5374.14,  8944.43, -5340.90,  8307.47, -5248.38,  7697.33, -5092.79,  7122.98, -4870.54,  6594.61, -4578.66,  6120.70, -4225.73,  5701.38, -3834.01,  5308.62,      NaN,      NaN,      NaN,      NaN,      NaN,      NaN,      NaN,      NaN,      NaN,      NaN,      NaN,      NaN,      NaN,      NaN,      NaN,      NaN,      NaN,      NaN,      NaN,      NaN,      NaN,      NaN,      NaN,      NaN,      NaN,      NaN,      NaN,      NaN,      NaN,      NaN,      NaN,      NaN,      NaN,      NaN,      NaN,      NaN,      NaN,      NaN,      NaN,      NaN,      NaN,      NaN,      NaN,      NaN,      NaN,      NaN,      NaN,      NaN,      NaN,      NaN, -4250.95, 13711.58, -4509.05, 13035.73, -4777.35, 12339.63
 -3660.25, 11913.30, -3890.19, 11342.20, -4074.15, 10769.15, -4213.04, 10198.48, -4305.98,  9634.39, -4351.01,  9081.39, -4345.68,  8544.58, -4287.66,  8029.69, -4175.15,  7542.90, -4007.40,  7090.15, -3785.43,  6675.94, -3513.88,  6302.11, -3220.00,  5968.73, -3002.55,  5652.70,      NaN,      NaN,      NaN,      NaN,      NaN,      NaN,      NaN,      NaN,      NaN,      NaN,      NaN,      NaN,      NaN,      NaN,      NaN,      NaN,      NaN,      NaN,      NaN,      NaN,      NaN,      NaN,      NaN,      NaN,      NaN,      NaN,      NaN,      NaN,      NaN,      NaN,      NaN,      NaN,      NaN,      NaN,      NaN,      NaN,      NaN,      NaN,      NaN,      NaN,      NaN,      NaN,      NaN,      NaN,      NaN,      NaN, -2797.03, 12855.27, -3099.70, 12786.37, -3380.87, 12477.38, -3660.25, 11913.30
 -2512.85, 11352.52, -2742.91, 10920.47, -2935.73, 10479.96, -3089.61, 10035.24, -3202.71,  9590.83, -3273.14,  9151.33, -3299.25,  8721.48, -3279.86,  8306.06, -3214.54,  7909.73, -3103.81,  7536.69, -2949.38,  7190.32, -2754.38,  6872.94, -2595.35,  6625.92, -2455.18,  6395.48, -2363.86,  6221.62,      NaN,      NaN,      NaN,      NaN,      NaN,      NaN,      NaN,      NaN,      NaN,      NaN,      NaN,      NaN,      NaN,      NaN,      NaN,      NaN,      NaN,      NaN,      NaN,      NaN,      NaN,      NaN,      NaN,      NaN,      NaN,      NaN,      NaN,      NaN,      NaN,      NaN,      NaN,      NaN,      NaN,      NaN,      NaN,      NaN,      NaN,      NaN,      NaN,      NaN,      NaN,      NaN,  1086.60, 10802.90,  -494.87, 11502.07, -1301.60, 11785.37, -2246.95, 11772.37, -2512.85, 11352.52
 -1295.02, 10598.97, -1519.63, 10327.64, -1718.50, 10038.52, -1886.24,  9735.90, -2019.97,  9426.35, -2117.54,  9114.10, -2177.69,  8803.49, -2199.96,  8498.70, -2184.65,  8203.70, -2132.77,  7922.05, -2046.05,  7656.79, -1926.86,  7410.45, -1798.78,  7192.51, -1647.27,  6976.70, -1519.28,  6818.18, -1306.62,  6606.34, -1058.07,  6442.58,  -791.50,  6311.64,  -511.65,  6214.57,  -223.20,  6152.20,    69.19,  6125.16,   360.92,  6133.87,   647.38,  6178.57,   923.93,  6259.25,  1185.90,  6375.59,  1428.62,  6526.97,  1647.38,  6712.31,  1837.49,  6930.09,  1994.37,  7178.25,  2113.54,  7454.13,  2190.72,  7754.46,  2221.84,  8075.33,  2203.12,  8412.13,  2131.10,  8759.55,  2002.62,  9111.59,  1814.92,  9461.50,  1034.64,  9892.53,   304.54, 10264.56,  -257.40, 10591.65, -1050.09, 10852.16, -1295.02, 10598.97
    24.85,  9421.81,  -193.32,  9408.37,  -415.35,  9340.36,  -602.26,  9199.55,  -755.90,  9044.25,  -877.06,  8879.14,  -966.81,  8708.44, -1026.42,  8535.92, -1057.41,  8364.92, -1061.45,  8198.38, -1040.44,  8038.85,  -996.41,  7888.51,  -931.52,  7749.24,  -848.07,  7622.58,  -748.40,  7509.81,  -634.92,  7411.99,  -510.03,  7329.94,  -376.14,  7264.34,  -235.62,  7215.70,   -90.80,  7184.44,    55.98,  7170.86,   202.44,  7175.19,   346.25,  7197.54,   485.12,  7237.91,   616.71,  7296.16,   738.67,  7371.98,   848.65,  7464.85,   944.30,  7574.00,  1023.31,  7698.41,  1083.44,  7836.77,  1122.55,  7987.44,  1138.59,  8148.46,  1129.68,  8317.53,  1094.07,  8492.01,  1030.19,  8668.89,   936.64,  8844.80,   812.24,  9016.00,   656.02,  9178.37,   467.24,  9327.44,   243.57,  9402.53,    24.85,  9421.81
    42.60,  8225.71,    42.60,  8225.71,    42.60,  8225.71,    42.60,  8225.71,    42.60,  8225.71,    42.60,  8225.71,    42.60,  8225.71,    42.60,  8225.71,    42.60,  8225.71,    42.60,  8225.71,    42.60,  8225.71,    42.60,  8225.71,    42.60,  8225.71,    42.60,  8225.71,    42.60,  8225.71,    42.60,  8225.71,    42.60,  8225.71,    42.60,  8225.71,    42.60,  8225.71,    42.60,  8225.71,    42.60,  8225.71,    42.60,  8225.71,    42.60,  8225.71,    42.60,  8225.71,    42.60,  8225.71,    42.60,  8225.71,    42.60,  8225.71,    42.60,  8225.71,    42.60,  8225.71,    42.60,  8225.71,    42.60,  8225.71,    42.60,  8225.71,    42.60,  8225.71,    42.60,  8225.71,    42.60,  8225.71,    42.60,  8225.71,    42.60,  8225.71,    42.60,  8225.71,    42.60,  8225.71,    42.60,  8225.71,    42.60,  8225.71
frontera proyectada (330 vértices):
    42.60,  8225.71
  -511.25,  8140.57
 -1057.11,  8035.25
 -1302.96,  7967.27
 -1561.30,  7871.01
 -2186.27,  7592.54
 -2647.80,  7357.48
 -3240.12,  7020.62
 -3852.06,  6631.95
 -4211.02,  6386.29
 -4593.89,  6109.41
 -4956.00,  5834.10
 -5313.65,  5547.93
 -5669.22,  5249.97
 -5977.52,  4978.50
 -6401.44,  4583.84
 -6660.35,  4326.24
 -6837.50,  4130.09
 -7045.44,  3873.48
 -7230.74,  3621.53
 -7390.38,  3382.09
 -7503.72,  3193.84
 -7613.98,  2986.10
 -7886.36,  2388.97
 -7975.48,  2421.41
 -8080.40,  2435.81
 -8184.00,  2428.18
 -8287.27,  2403.56
 -8716.29,  2235.83
 -9248.77,  2079.93
 -9596.87,  1960.79
 -9896.68,  1835.93
-10212.63,  1675.82
-10526.99,  1493.50
-10874.71,  1272.69
-11170.18,  1071.47
-11457.33,   859.38
-11791.50,   595.50
-12114.09,   325.73
-12424.57,    47.70
-12792.81,  -298.51
-12855.43,  -839.60
-12902.52, -1383.18
-12922.32, -1799.37
-12926.30, -2277.55
-12911.24, -2618.17
-12877.03, -2942.04
-12824.49, -3247.76
-12733.15, -3650.10
-12609.48, -4088.16
-12450.88, -4561.23
-12271.02, -5019.27
-12069.71, -5457.80
-11884.37, -5811.89
-11645.39, -6214.85
-11372.64, -6616.22
-11123.60, -6937.15
-10319.07, -7147.67
 -9616.16, -7311.42
 -8878.93, -7458.35
 -8321.69, -7549.96
 -7593.71, -7634.70
 -7329.06, -7652.32
 -7093.39, -7657.41
 -6764.40, -7649.88
 -6415.64, -7629.55
 -6047.23, -7596.49
 -5628.50, -7546.65
 -3619.48, -7978.75
 -3711.45, -8998.96
 -3848.89,-10089.49
 -3938.73,-11006.43
 -4006.67,-12035.67
 -4043.88,-13080.32
 -3780.52,-13081.42
 -3518.44,-13072.35
 -3148.00,-13042.04
 -2793.60,-12993.48
 -2443.33,-12925.34
 -2097.28,-12837.52
 -1770.86,-12732.94
 -1450.59,-12608.76
 -1125.86,-12459.83
  -821.71,-12297.56
  -528.52,-12116.59
  -268.30,-11933.67
   -41.17,-11750.21
   186.18,-11539.56
   429.86,-11283.45
   648.37,-11023.27
   859.23,-10738.11
  1044.63,-10452.20
  1246.25,-10092.04
  1422.65, -9717.59
  1579.99, -9312.53
  1705.54, -8908.73
  1804.94, -8494.95
  1878.15, -8071.63
  1926.82, -7620.29
  1945.89, -7181.61
  1937.42, -6715.85
  1894.45, -6250.57
  1835.98, -5887.87
  1750.72, -5586.55
  1690.30, -5423.15
  1627.93, -5283.95
  1565.08, -5169.65
  1493.18, -5064.79
  1422.86, -4984.36
  1343.87, -4912.70
  1121.01, -4757.94
  1271.65, -4647.73
  1678.51, -4385.56
  1859.28, -4244.10
  1933.35, -4168.12
  1992.47, -4087.64
  2033.62, -4001.90
  2054.91, -3910.30
  2046.46, -4004.32
  2063.39, -4101.04
  2102.84, -4200.12
  2160.87, -4300.95
  2288.23, -4471.30
  2679.41, -4909.61
  2802.79, -5068.84
  3215.58, -4905.78
  3670.26, -4740.92
  4150.56, -4580.39
  4558.84, -4456.92
  5457.67, -4205.75
  6330.33, -3976.35
  7029.72, -3807.05
  7568.46, -3690.95
  7996.31, -3611.27
  8373.46, -3553.32
  8775.86, -3505.71
  9144.36, -3477.31
  9509.11, -3464.65
  9870.18, -3468.11
 10227.69, -3488.16
 10581.48, -3524.02
 10876.17, -3566.92
 11208.92, -3627.87
 11535.73, -3698.40
 11844.30, -3776.75
 12136.49, -3863.42
 12425.45, -3961.16
 12697.16, -4064.75
 12977.65, -4184.18
 13253.15, -4314.33
 13535.52, -4461.69
 13799.92, -4613.35
 14058.03, -4775.14
 14309.94, -4947.11
 14543.64, -5120.49
 14781.34, -5311.78
 15011.88, -5512.98
 15038.08, -5259.75
 15054.38, -5002.71
 15063.63, -4694.78
 15061.92, -4416.57
 15029.69, -3837.37
 14993.94, -3502.82
 14949.53, -3183.22
 14833.52, -2556.75
 14667.79, -1876.03
 14458.60, -1178.54
 14341.64,  -839.33
 14221.62,  -522.44
 13906.02,  -390.70
 13537.86,  -249.30
 12645.17,    62.50
 12006.68,   -43.99
 11421.65,  -173.51
 10996.09,   -79.68
 10537.56,     3.31
 10181.08,    51.01
  9802.51,    81.56
  9369.09,   611.30
  8908.22,  1112.49
  8683.57,  1334.96
  8465.24,  1536.99
  8255.69,  1716.91
  8040.27,  1887.58
  7936.14,  2506.80
  7870.11,  2798.94
  7788.30,  3021.24
  7727.72,  3125.90
  7674.50,  3191.06
  7732.13,  3134.09
  7795.69,  3088.88
  7864.58,  3054.13
  7963.39,  3021.35
  8122.84,  2993.65
  8515.59,  2964.26
  8678.04,  2936.55
  9443.75,  3349.52
 10985.06,  4227.62
 11129.13,  4680.25
 11278.92,  5197.44
 11392.29,  5635.30
 11492.99,  6077.75
 11327.65,  6755.56
 11129.29,  7409.98
 11171.03,  7838.28
 11194.82,  8226.97
 11203.34,  8636.76
 11198.52,  9168.67
 11908.86,  9927.20
 12415.36, 10451.77
 12852.46, 10880.83
 13298.30, 11287.73
 13751.40, 11668.34
 14188.53, 11998.17
 14636.45, 12295.20
 15038.89, 12526.44
 13717.67, 12699.77
 12684.16, 12823.72
 11647.74, 12932.95
 10721.48, 13015.52
 10173.92, 13053.88
  9520.46, 13079.16
  9042.29, 13081.42
  8521.33, 13064.21
  7913.37, 13019.28
  7302.15, 12946.75
  6688.48, 12845.04
  6093.91, 12718.74
  5497.82, 12562.69
  4921.51, 12383.68
  4343.46, 12174.19
  3784.39, 11942.88
  3329.41, 11732.56
  2915.60, 11524.75
  2560.92, 11331.74
  2017.04, 11018.19
  1622.41, 10769.01
  1176.30, 10451.64
   587.41, 10068.95
   340.36,  9885.49
   211.10,  9768.70
   110.34,  9651.21
    55.40,  9557.22
    27.53,  9463.66
    42.60,  8225.71
 -7886.36,  2388.97
 -7631.26,  2951.23
 -7433.00,  3313.64
 -7289.47,  3536.21
 -7121.00,  3773.66
 -6942.40,  4003.81
 -6770.69,  4206.72
 -6603.85,  4384.72
 -6401.44,  4583.84
 -5757.64,  5173.63
 -5135.16,  5692.58
 -4532.91,  6154.45
 -3915.16,  6589.80
 -3272.99,  7000.74
 -2613.10,  7376.20
 -2094.35,  7635.09
 -1541.70,  7879.00
 -1363.27,  7946.76
 -1180.97,  8004.35
  -994.54,  8048.48
  -616.85,  8121.89
    42.60,  8225.71
    23.95,  9440.41
     1.06,  9534.68
   -66.18,  9654.74
  -124.22,  9727.53
  -218.87,  9824.97
  -452.79, 10019.00
  -686.15, 10184.85
 -1176.46, 10513.09
 -1603.46, 10818.44
 -1867.23, 10985.72
 -2173.67, 11164.00
 -2659.85, 11432.76
 -3021.34, 11618.44
 -3421.45, 11807.22
 -3863.04, 11999.49
 -4256.62, 12154.93
 -4669.07, 12302.96
 -5079.71, 12436.57
 -5509.39, 12560.62
 -5958.27, 12675.21
 -6383.71, 12769.39
 -6764.80, 12842.29
 -7165.24, 12908.39
 -7563.83, 12962.78
 -7960.42, 13006.51
 -8354.98, 13040.20
 -8747.50, 13063.56
 -9158.19, 13078.13
 -9547.22, 13081.42
-10408.43, 13063.05
-11683.83, 12994.69
-12510.32, 12937.89
-15063.63, 12738.64
-14643.03, 12461.45
-14170.87, 12107.66
-13730.48, 11736.30
-13244.99, 11283.41
-12842.67, 10876.48
-12394.74, 10391.49
-11987.00,  9927.07
-11278.93,  9096.60
-10937.86,  8713.97
-10585.20,  8344.30
-10236.81,  8010.99
-10205.52,  7559.51
-10163.74,  7165.31
-10105.79,  6789.16
-10025.63,  6385.15
 -9932.14,  6000.72
 -9820.16,  5617.32
 -9683.11,  5210.95
 -9542.75,  4850.73
 -9392.40,  4516.01
 -9203.18,  4139.17
 -9029.74,  3831.29
 -8850.37,  3548.56
 -8475.05,  3002.86
 -8255.83,  2715.00
 -8144.15,  2590.08
 -8051.19,  2501.46
 -7959.04,  2430.58
 -7886.36,  2388.97
    42.60,  8225.71
puntos proyectados inversamente (21x21 puntos):
-17237.58,-16046.64, 17632.15, 15847.28
   NaN,   NaN,   NaN,   NaN,   NaN,   NaN,   NaN,   NaN,   NaN,   NaN,   NaN,   NaN,   NaN,   NaN,   NaN,   NaN,  -0.1,-170.9,   8.9,-161.9,  17.9,-152.9,   NaN,   NaN,   NaN,   NaN,   NaN,   NaN,   NaN,   NaN,   NaN,   NaN, -53.9,-153.1, -62.9,-162.1, -62.9,-179.9, -62.9, 162.1, -53.9, 153.1
   NaN,   NaN,   NaN,   NaN,   NaN,   NaN,   NaN,   NaN,   NaN,   NaN, -18.1, 162.1,  -9.1,-179.9,  -9.1,-179.9,   0.0,-162.0,   8.9,-161.9,  17.5,-150.5,  17.9,-144.0,   NaN,   NaN,   NaN,   NaN,   NaN,   NaN, -35.9,-135.1, -44.9,-144.1, -48.6,-159.1, -48.9,-179.3, -46.4, 160.0, -45.0, 153.1
   NaN,   NaN,   NaN,   NaN,   NaN,   NaN,   NaN,   NaN, -27.1, 153.1, -23.3, 162.0, -20.8, 177.8, -16.3,-169.1,  -9.9,-156.7,  -2.2,-147.7,   7.0,-139.9,  17.2,-133.1,  26.9,-125.9, -26.9,-117.1, -26.9,-126.0, -27.0,-135.0, -31.4,-144.7, -32.9,-160.8, -33.1,-178.0, -31.1, 165.0, -27.0, 153.1
   NaN,   NaN,   NaN,   NaN,   NaN,   NaN,   NaN,   NaN, -36.0, 153.1, -38.9, 164.5, -36.0,-177.7, -30.6,-161.5, -22.9,-147.7, -13.6,-137.1,  -3.3,-129.1,   7.2,-122.7,  23.4,-123.9, -26.9,-117.1, -17.7,-122.8, -15.4,-133.6, -15.9,-146.9, -17.2,-161.8, -17.1,-177.0, -15.8, 167.9, -18.0, 153.1
   NaN,   NaN,   NaN,   NaN,   NaN,   NaN,   NaN,   NaN, -54.0, 153.1, -54.4, 166.6, -51.2,-170.5, -44.4,-151.3, -35.2,-136.2, -24.3,-124.1, -12.7,-116.4,  -0.9,-111.5,  11.5,-110.8,  -6.5,-111.1,  -2.3,-121.7,  -0.4,-133.9,  -0.3,-147.5,  -1.1,-161.9,  -1.3,-176.3,  -0.6, 169.3,   0.0, 162.1
   NaN,   NaN,   NaN,   NaN,   NaN,   NaN,   NaN,   NaN, -63.1, 144.1, -69.2, 166.3, -65.6,-157.8, -56.6,-134.5, -45.4,-117.5, -32.4,-106.2, -18.8, -99.8,  -5.9, -96.9,   6.6, -98.1,  22.0,-107.2,  12.9,-116.8,  15.4,-131.0,  15.9,-146.1,  15.2,-161.5,  14.1,-176.4,  13.1, 169.0,   9.0, 162.1
 -27.1,-162.1, -27.1,-162.1, -45.0,-162.1, -54.1,-153.1, -72.1, 117.0, -81.6, 153.9, -77.3,-126.7, -65.0,-102.7, -51.1, -90.4, -35.7, -83.4, -19.9, -79.9,  -4.1, -79.2,  10.2, -83.6,  21.7, -93.7,  28.2,-108.7,  31.5,-125.9,  32.2,-144.0,  31.0,-161.7,  28.8,-178.2,  26.3, 166.4,  27.0, 162.1
 -18.1,-171.1, -32.1,-169.5, -46.3,-166.9, -59.9,-158.1, -72.0,-144.0, -83.5,  46.5, -80.2, -62.4, -66.7, -62.1, -51.3, -60.4, -34.4, -59.2, -16.8, -59.2,   1.1, -61.3,  17.9, -67.3,  32.2, -78.8,  42.3, -96.3,  47.1,-118.5,  47.8,-141.9,  45.8,-163.7,  42.3, 177.3,  36.0, 162.1,  36.0, 162.1
 -18.1, 171.0, -32.3, 171.7, -46.8, 170.2, -61.3, 167.6, -75.6, 162.0, -72.5,  18.6, -72.4, -12.1, -63.4, -26.0, -47.9, -32.6, -30.3, -35.9, -11.7, -38.4,   7.3, -41.8,  25.8, -47.7,  42.5, -58.6,  55.4, -77.9,  62.0,-107.2,  62.4,-141.5,  58.9,-170.1,  53.6, 166.6,  45.0, 162.1,   NaN,   NaN
 -18.1, 153.0, -29.4, 153.4, -43.1, 148.3, -56.3, 138.8, -67.7, 119.0, -73.8,  76.4, -69.4,  29.0, -57.8,   3.1, -42.6,  -8.8, -25.1, -14.4,  -6.3, -17.6,  13.2, -20.4,  32.5, -24.4,  50.8, -31.6,  66.8, -47.8,  76.6, -87.0,  73.5,-136.1,  68.9, 174.0,  63.0, 162.0,  54.1, 153.1,   NaN,   NaN
 -18.1, 144.1, -27.1, 135.0, -35.7, 130.2, -46.6, 118.6, -55.1, 100.2, -59.4,  74.3, -58.0,  46.1, -50.0,  23.3, -36.5,  10.5, -20.2,   5.7,  -2.3,   3.4,  16.6,   2.4,  35.9,   2.1,  54.7,   2.6,  73.3,   4.3,  86.8,  26.5,  80.5, 175.8,  66.2,-152.9,  63.0,-153.0,   NaN,   NaN,   NaN,   NaN
   NaN,   NaN, -27.1, 126.0, -27.1, 117.0, -34.2, 106.1, -40.8,  90.8, -44.4,  72.8, -44.8,  54.2, -42.0,  38.0, -31.2,  27.4, -17.2,  24.8,  -0.9,  24.2,  16.7,  25.4,  34.6,  29.1,  51.8,  37.5,  66.3,  56.4,  74.1,  97.7,  72.4, 147.4,  66.8,-177.9,  54.1,-153.1,  54.1,-153.1,   NaN,   NaN
   NaN,   NaN,   NaN,   NaN, -27.1, 108.0, -27.1,  99.0, -27.1,  81.0, -28.9,  71.0, -28.2,  60.2, -27.1,  52.3, -21.5,  45.8, -12.6,  45.0,  -2.1,  44.8,  12.9,  46.8,  28.9,  52.9,  43.3,  64.6,  54.1,  84.2,  59.3, 112.3,  59.2, 142.4,  55.9, 168.5,  51.0,-170.3,  45.0,-162.1,   NaN,   NaN
   NaN,   NaN,   NaN,   NaN,   NaN,   NaN,   NaN,   NaN, -27.1,  81.0, -27.1,  72.0, -62.9,  54.0, -50.5,  56.2, -36.9,  59.8, -22.7,  61.0,  -8.1,  62.3,   6.7,  65.1,  21.6,  72.1,  32.1,  83.7,  39.8, 100.7,  43.5, 121.2,  44.0, 142.7,  42.1, 163.1,  38.9,-178.7,  35.5,-162.2,  36.0,-162.1
   NaN,   NaN,   NaN,   NaN,   NaN,   NaN,   NaN,   NaN,   NaN,   NaN,   NaN,   NaN, -62.9,  72.0, -54.2,  75.0, -40.8,  77.6, -27.0,  78.6, -13.3,  79.5,   3.4,  72.6,  11.4,  86.1,  19.8,  96.8,  24.4, 111.0,  27.1, 127.2,  27.8, 144.4,  26.9, 161.3,  25.1, 177.4,  23.1,-167.3,  18.0,-162.1
   NaN,   NaN,   NaN,   NaN,   NaN,   NaN,   NaN,   NaN,   NaN,   NaN,   NaN,   NaN, -62.9,  90.0, -56.9,  96.5, -43.2,  97.3, -29.5,  96.9, -16.3,  96.6,  -6.9,  78.6,  -1.4,  91.7,   4.0, 103.9,   8.2, 116.9,  10.5, 131.1,  11.2, 146.2,  10.8, 161.4,  10.3, 176.2,   9.9,-169.5,   9.0,-162.1
   NaN,   NaN,   NaN,   NaN,   NaN,   NaN,   NaN,   NaN,   NaN,   NaN,   NaN,   NaN, -62.9, 126.0, -56.7, 120.8, -42.8, 118.1, -29.1, 115.4, -15.6, 113.0, -20.2,  82.5, -15.5,  95.4, -11.0, 107.8,  -7.5, 120.3,  -5.5, 133.4,  -5.2, 147.6,  -5.6, 162.2,  -5.1, 176.8,  -3.9,-168.9,   0.0,-162.1
   NaN,   NaN,   NaN,   NaN,   NaN,   NaN,   NaN,   NaN,   NaN,   NaN, -62.9,-179.9, -62.9, 153.0, -52.8, 145.5, -39.3, 138.6, -25.6, 133.1, -12.0, 128.4,   1.4, 124.7, -26.9,  99.0, -25.7, 111.0, -22.7, 122.2, -20.9, 133.9, -20.9, 147.1, -21.6, 162.5, -20.9, 178.1, -19.0,-166.6, -18.0,-162.1
   NaN,   NaN,   NaN,   NaN,   NaN,   NaN,   NaN,   NaN,   NaN,   NaN, -62.9,-171.1, -56.7,-179.4, -45.3, 166.4, -32.9, 156.6, -19.9, 149.1,  -6.7, 142.9,   6.6, 137.8,   8.9, 135.0, -26.9, 117.0, -35.9, 126.1, -35.9, 135.0, -36.7, 145.7, -37.4, 162.1, -36.8,-179.9, -34.4,-162.4, -27.0,-162.1
   NaN,   NaN,   NaN,   NaN,   NaN,   NaN,   NaN,   NaN,   NaN,   NaN, -53.9,-162.1, -45.5,-163.4, -35.3,-177.5, -24.3, 171.8, -12.3, 163.4,   0.0, 156.9,   8.9, 153.0,   NaN,   NaN,   NaN,   NaN,   NaN,   NaN, -45.0, 144.1, -53.9, 144.1, -53.1, 160.7, -52.3,-176.5, -45.0,-162.1,   NaN,   NaN
   NaN,   NaN,   NaN,   NaN,   NaN,   NaN,   NaN,   NaN,   NaN,   NaN, -45.0,-162.1, -36.0,-162.1, -27.1,-162.1, -18.1,-179.9,  -9.1, 179.9,  -0.1, 170.9,   8.9, 161.9,   NaN,   NaN,   NaN,   NaN,   NaN,   NaN,   NaN,   NaN, -53.9, 144.1, -62.9, 162.1, -62.9,-171.1, -53.9,-162.1,   NaN,   NaN
