-36.500 148.500
-36.000 149.000
-35.500 149.000
-35.000 149.000
-34.500 149.000
-34.000 149.500
-33.500 149.500
-33.000 149.500
-32.500 149.500
-32.000 149.500
-31.500 149.500
-31.000 150.000
-30.500 150.500
-30.000 151.000
-30.000 151.500
-29.500 152.000
-29.000 152.000
-28.500 152.000
-28.000 151.500
-27.500 151.500
-27.000 151.500
-26.500 151.000
-26.500 150.500
-26.500 150.000
-26.500 149.500
-26.000 149.000
-26.000 148.500
-25.500 148.000
-25.000 147.500
-25.000 147.000
-24.500 146.500
-24.000 146.500
-23.500 146.000
-23.000 146.000
-22.500 146.000
-22.000 146.000
-21.500 145.500
-21.000 145.000
-20.500 145.000
-20.000 144.500
-19.500 144.000
-19.000 144.500
-18.500 145.000
-18.000 145.000
-17.500 145.000
-17.000 145.000
-16.500 144.500
-16.000 144.000
-15.500 143.500
-15.000 143.000
-14.500 143.000
-14.000 143.000
-13.500 143.000
-13.000 143.000
-12.500 142.500
-12.000 142.500
-11.500 142.500
-11.000 142.000
-10.500 142.000
-10.000 142.000
-9.500 141.500
-9.000 141.000
-8.500 141.500
-8.000 142.000
-7.500 142.500
-7.000 142.500
-6.500 142.500
-6.000 143.000
-6.000 143.500
-5.500 143.000
-5.500 142.500
-5.000 142.000
-5.000 141.500
-5.000 141.000
-4.500 140.500
-4.500 140.000
-4.000 139.500
-4.000 139.000
-4.000 138.500
-4.000 138.000
-4.000 137.500
-4.000 137.000
-3.500 136.500
-4.000 136.000
-3.500 135.500
-3.000 135.000
-2.500 134.500
-2.000 134.000
-1.500 133.500
-1.000 133.000
-1.000 132.500
-1.000 132.000
-1.500 131.500
-2.000 131.000
-2.500 130.500
-3.000 130.000
-3.500 129.500
-3.500 129.000
-3.500 128.500
-3.500 128.000
-3.000 127.500
-3.500 127.000
-3.000 126.500
-2.500 126.000
-2.000 125.500
-2.000 125.000
-2.000 124.500
-2.000 124.000
-2.000 123.500
-2.000 123.000
-1.500 122.500
-2.000 122.000
-1.500 121.500
-2.000 121.000
-2.000 120.500
-2.000 120.000
-2.500 119.500
-3.000 119.500
-3.500 120.000
-4.000 120.000
-4.500 120.500
-5.000 120.000
-5.500 120.000
-6.000 120.500
-6.500 121.000
-7.000 120.500
-7.500 121.000
-8.000 120.500
-8.500 120.000
-8.500 119.500
-8.000 119.000
-8.000 118.500
-7.500 118.000
-7.500 117.500
-8.000 117.000
-8.500 116.500
-8.500 116.000
-8.000 115.500
-8.000 115.000
-7.500 114.500
-8.000 114.000
-8.000 113.500
-7.500 113.000
-8.000 112.500
-8.000 112.000
-8.000 111.500
-7.500 111.000
-7.500 110.500
-7.500 110.000
-7.500 109.500
-7.000 109.000
-7.500 108.500
-7.000 108.000
-7.000 107.500
-7.000 107.000
-6.500 106.500
-6.000 106.000
-5.500 106.000
-5.000 105.500
-5.000 105.000
-5.000 104.500
-4.500 104.000
-4.000 103.500
-3.500 103.000
-3.000 102.500
-2.500 102.000
-2.000 101.500
-1.500 101.500
-1.000 101.000
-0.500 101.000
0.000 100.500
0.500 100.000
1.000 100.000
1.500 100.500
2.000 101.000
2.500 101.500
3.000 102.000
3.500 102.000
4.000 102.000
4.500 101.500
5.000 101.500
5.500 101.500
6.000 101.000
6.500 100.500
7.000 100.000
7.500 100.000
8.000 99.500
8.500 99.500
9.000 99.000
9.500 99.000
10.000 99.500
10.500 99.000
11.000 99.500
11.500 99.000
12.000 99.500
12.500 99.500
13.000 99.500
13.500 99.000
14.000 99.000
14.500 98.500
15.000 99.000
15.500 99.000
16.000 99.000
16.500 99.000
17.000 98.500
17.500 98.500
18.000 98.500
18.500 99.000
19.000 98.500
19.500 98.500
20.000 99.000
20.500 99.500
21.000 99.500
21.500 99.500
22.000 100.000
22.500 100.000
23.000 99.500
23.500 100.000
24.000 100.500
24.500 100.000
25.000 100.000
25.500 100.500
26.000 100.000
26.500 99.500
27.000 99.500
27.500 99.500
28.000 100.000
28.500 100.000
29.000 100.500
29.500 100.500
30.000 100.000
30.500 99.500
31.000 99.500
31.500 99.500
32.000 99.000
32.500 98.500
33.000 98.000
33.500 98.500
34.000 98.000
34.500 97.500
34.500 97.000
34.500 96.500
35.000 96.000
35.000 95.500
35.000 95.000
35.000 94.500
35.000 94.000
35.500 93.500
35.000 93.000
35.000 92.500
35.500 92.000
35.500 91.500
35.500 91.000
35.000 91.000
34.500 90.500
34.000 90.500
34.000 90.000
34.000 89.500
34.000 89.000
34.000 88.500
34.000 88.000
34.000 87.500
34.500 87.000
34.500 86.500
34.500 86.000
35.000 85.500
35.000 85.000
35.000 84.500
35.000 84.000
35.000 83.500
34.500 83.000
35.000 82.500
35.000 82.000
34.500 81.500
34.500 81.000
34.500 80.500
34.500 80.000
34.500 79.500
35.000 79.000
35.500 78.500
35.500 78.000
36.000 77.500
36.000 77.000
36.000 76.500
36.000 76.000
36.500 75.500
37.000 75.500
37.500 75.000
37.500 74.500
37.500 74.000
37.500 73.500
37.500 73.000
37.500 72.500
37.000 72.000
36.500 71.500
36.000 71.000
36.000 70.500
35.500 70.000
35.500 69.500
35.000 69.000
34.500 68.500
34.000 68.000
33.500 68.000
33.000 68.500
32.500 68.000
32.000 68.000
31.500 68.000
31.000 67.500
30.500 67.000
30.000 66.500
29.500 66.500
29.000 66.500
28.500 66.500
28.000 66.000
27.500 65.500
27.000 65.000
27.000 64.500
27.000 64.000
27.000 63.500
27.000 63.000
27.000 62.500
27.500 62.000
28.000 61.500
28.500 61.000
29.000 60.500
29.500 60.500
30.000 60.500
30.500 60.000
31.000 60.000
31.500 60.000
32.000 59.500
32.500 59.500
33.000 59.500
33.500 59.000
34.000 58.500
34.500 59.000
35.000 59.500
35.500 59.500
36.000 59.000
36.500 58.500
37.000 58.000
37.000 57.500
37.000 57.000
37.000 56.500
37.000 56.000
36.500 55.500
36.000 55.000
36.000 54.500
36.000 54.000
35.500 53.500
35.500 53.000
35.500 52.500
36.000 52.000
36.000 51.500
36.000 51.000
36.000 50.500
35.500 50.000
35.500 49.500
35.500 49.000
35.500 48.500
35.500 48.000
35.500 47.500
36.000 47.000
36.500 47.000
37.000 47.000
37.500 46.500
38.000 46.000
37.500 45.500
37.500 45.000
38.000 44.500
38.500 44.000
39.000 44.000
39.500 43.500
39.000 43.000
39.500 42.500
40.000 42.000
40.000 41.500
40.000 41.000
40.000 40.500
40.000 40.000
40.000 39.500
40.000 39.000
39.500 38.500
39.000 38.000
39.500 37.500
39.000 37.000
38.500 37.000
38.000 37.500
37.500 37.500
37.000 37.500
36.500 37.500
36.000 37.500
35.500 38.000
35.000 38.000
34.500 37.500
34.000 37.500
33.500 38.000
33.000 38.500
32.500 39.000
32.000 39.000
31.500 39.000
31.000 39.500
30.500 39.500
30.000 39.500
29.500 40.000
29.000 40.500
28.500 40.000
28.000 40.000
27.500 39.500
27.000 39.000
27.000 38.500
27.500 38.000
28.000 37.500
28.500 37.500
29.000 37.000
29.500 37.000
30.000 37.000
30.500 36.500
30.000 36.000
29.500 35.500
30.000 35.000
30.000 34.500
29.500 34.000
29.500 33.500
29.000 33.000
28.500 32.500
28.000 32.500
27.500 32.500
27.000 33.000
26.500 33.500
26.000 33.500
25.500 34.000
25.000 34.000
24.500 34.500
24.000 34.500
23.500 34.500
23.000 34.500
22.500 35.000
22.000 35.000
21.500 35.000
21.000 35.000
20.500 35.000
20.000 35.500
19.500 36.000
19.000 36.500
18.500 36.500
18.000 36.500
17.500 36.000
17.000 36.000
16.500 36.500
16.000 36.500
15.500 37.000
15.000 37.500
14.500 38.000
14.500 38.500
14.500 39.000
14.000 39.500
13.500 39.500
13.000 39.500
12.500 39.000
12.000 39.000
11.500 39.500
11.000 39.500
10.500 39.500
10.000 39.500
9.500 39.000
9.000 38.500
8.500 38.000
9.000 37.500
8.500 37.000
8.000 36.500
7.500 36.000
7.000 35.500
6.500 35.500
6.000 35.000
5.500 35.000
5.000 35.500
4.500 35.500
4.000 35.000
3.500 34.500
3.000 34.000
2.500 34.500
2.000 34.500
1.500 35.000
1.000 35.000
0.500 35.000
0.000 35.500
-0.500 36.000
-1.000 35.500
-1.500 35.500
-2.000 35.000
-2.500 35.000
-3.000 34.500
-3.000 34.000
-3.000 33.500
-2.500 33.000
-3.000 32.500
-3.500 32.500
-4.000 32.500
-4.500 33.000
-5.000 33.000
-5.500 33.500
-6.000 34.000
-6.500 33.500
-7.000 33.500
-7.500 33.500
-8.000 33.500
-8.500 33.500
-9.000 33.500
-9.500 33.000
-9.500 32.500
-9.500 32.000
-9.000 31.500
-9.500 31.000
-10.000 30.500
-10.500 31.000
-11.000 31.500
-11.500 31.500
-12.000 31.000
-12.500 30.500
-13.000 30.000
-13.500 29.500
-13.000 29.000
-13.000 28.500
-13.000 28.000
-12.500 27.500
-12.000 27.000
-12.000 26.500
-11.500 26.000
-11.500 25.500
-11.500 25.000
-11.500 24.500
-12.000 24.000
-12.000 23.500
-11.500 23.000
-11.500 22.500
-11.500 22.000
-12.000 21.500
-12.500 21.000
-13.000 20.500
-12.500 20.000
-12.000 19.500
-12.500 19.000
-13.000 18.500
-13.500 18.000
-14.000 17.500
-14.000 17.000
-14.500 16.500
-15.000 16.500
-15.500 17.000
-16.000 17.000
-16.500 17.000
-17.000 17.500
-17.500 17.500
-18.000 18.000
-18.500 18.500
-19.000 19.000
-19.500 18.500
-19.500 18.000
-20.000 17.500
-20.500 17.000
-21.000 16.500
-21.500 17.000
-22.000 17.500
-22.000 18.000
-22.000 18.500
-22.000 19.000
-22.500 19.500
-23.000 20.000
-23.000 20.500
-23.000 21.000
-23.000 21.500
-23.500 22.000
-23.500 22.500
-23.500 23.000
-24.000 23.500
-24.000 24.000
-24.500 24.500
-25.000 25.000
-25.500 25.500
-26.000 26.000
-26.500 26.500
-26.500 27.000
-26.500 27.500
-26.500 28.000
-26.500 28.500
-26.500 29.000
-27.000 29.500
-27.500 29.000
-28.000 28.500
-28.500 28.500
-29.000 28.500
-29.500 29.000
-29.500 29.500
-29.500 29.500
-29.500 29.000
-29.000 28.500
-28.500 28.500
-28.000 28.500
-27.500 29.000
-27.000 29.500
-26.500 29.000
-26.500 28.500
-26.500 28.000
-26.500 27.500
-26.500 27.000
-26.500 26.500
-26.000 26.000
-25.500 25.500
-25.000 25.000
-24.500 24.500
-24.000 24.000
-24.000 23.500
-23.500 23.000
-23.500 22.500
-23.500 22.000
-23.000 21.500
-23.000 21.000
-23.000 20.500
-23.000 20.000
-22.500 19.500
-22.000 19.000
-22.000 18.500
-22.000 18.000
-22.000 17.500
-21.500 17.000
-21.000 16.500
-20.500 17.000
-20.000 17.500
-19.500 18.000
-19.500 18.500
-19.000 19.000
-18.500 18.500
-18.000 18.000
-17.500 17.500
-17.000 17.500
-16.500 17.000
-16.000 17.000
-15.500 17.000
-15.000 16.500
-14.500 16.500
-14.000 17.000
-14.000 17.500
-13.500 18.000
-13.000 18.500
-12.500 19.000
-12.000 19.500
-12.500 20.000
-13.000 20.500
-12.500 21.000
-12.000 21.500
-11.500 22.000
-11.500 22.500
-11.500 23.000
-12.000 23.500
-12.000 24.000
-11.500 24.500
-11.500 25.000
-11.500 25.500
-11.500 26.000
-12.000 26.500
-12.000 27.000
-12.500 27.500
-13.000 28.000
-13.000 28.500
-13.000 29.000
-13.500 29.500
-13.000 30.000
-12.500 30.500
-12.000 31.000
-11.500 31.500
-11.000 31.500
-10.500 31.000
-10.000 30.500
-9.500 31.000
-9.000 31.500
-9.500 32.000
-9.500 32.500
-9.500 33.000
-9.000 33.500
-8.500 33.500
-8.000 33.500
-7.500 33.500
-7.000 33.500
-6.500 33.500
-6.000 34.000
-5.500 33.500
-5.000 33.000
-4.500 33.000
-4.000 32.500
-3.500 32.500
-3.000 32.500
-2.500 33.000
-3.000 33.500
-3.000 34.000
-3.000 34.500
-2.500 35.000
-2.000 35.000
-1.500 35.500
-1.000 35.500
-0.500 36.000
0.000 35.500
0.500 35.000
1.000 35.000
1.500 35.000
2.000 34.500
2.500 34.500
3.000 34.000
3.500 34.500
4.000 35.000
4.500 35.500
5.000 35.500
5.500 35.000
6.000 35.000
6.500 35.500
7.000 35.500
7.500 36.000
8.000 36.500
8.500 37.000
9.000 37.500
8.500 38.000
9.000 38.500
9.500 39.000
10.000 39.500
10.500 39.500
11.000 39.500
11.500 39.500
12.000 39.000
12.500 39.000
13.000 39.500
13.500 39.500
14.000 39.500
14.500 39.000
14.500 38.500
14.500 38.000
15.000 37.500
15.500 37.000
16.000 36.500
16.500 36.500
17.000 36.000
17.500 36.000
18.000 36.500
18.500 36.500
19.000 36.500
19.500 36.000
20.000 35.500
20.500 35.000
21.000 35.000
21.500 35.000
22.000 35.000
22.500 35.000
23.000 34.500
23.500 34.500
24.000 34.500
24.500 34.500
25.000 34.000
25.500 34.000
26.000 33.500
26.500 33.500
27.000 33.000
27.500 32.500
28.000 32.500
28.500 32.500
29.000 33.000
29.500 33.500
29.500 34.000
30.000 34.500
30.000 35.000
29.500 35.500
30.000 36.000
30.500 36.500
30.000 37.000
29.500 37.000
29.000 37.000
28.500 37.500
28.000 37.500
27.500 38.000
27.000 38.500
27.000 39.000
27.500 39.500
28.000 40.000
28.500 40.000
29.000 40.500
29.500 40.000
30.000 39.500
30.500 39.500
31.000 39.500
31.500 39.000
32.000 39.000
32.500 39.000
33.000 38.500
33.500 38.000
34.000 37.500
34.500 37.500
35.000 38.000
35.500 38.000
36.000 37.500
36.500 37.500
37.000 37.500
37.500 37.500
38.000 37.500
38.500 37.000
39.000 37.000
39.500 37.500
39.000 38.000
39.500 38.500
40.000 39.000
40.000 39.500
40.000 40.000
40.000 40.500
40.000 41.000
40.000 41.500
40.000 42.000
39.500 42.500
39.000 43.000
39.500 43.500
39.000 44.000
38.500 44.000
38.000 44.500
37.500 45.000
37.500 45.500
38.000 46.000
37.500 46.500
37.000 47.000
36.500 47.000
36.000 47.000
35.500 47.500
35.500 48.000
35.500 48.500
35.500 49.000
35.500 49.500
35.500 50.000
36.000 50.500
36.000 51.000
36.000 51.500
36.000 52.000
35.500 52.500
35.500 53.000
35.500 53.500
36.000 54.000
36.000 54.500
36.000 55.000
36.500 55.500
37.000 56.000
37.000 56.500
37.000 57.000
37.000 57.500
37.000 58.000
36.500 58.500
36.000 59.000
35.500 59.500
35.000 59.500
34.500 59.000
34.000 58.500
33.500 59.000
33.000 59.500
32.500 59.500
32.000 59.500
31.500 60.000
31.000 60.000
30.500 60.000
30.000 60.500
29.500 60.500
29.000 60.500
28.500 61.000
28.000 61.500
27.500 62.000
27.000 62.500
27.000 63.000
27.000 63.500
27.000 64.000
27.000 64.500
27.000 65.000
27.500 65.500
28.000 66.000
28.500 66.500
29.000 66.500
29.500 66.500
30.000 66.500
30.500 67.000
31.000 67.500
31.500 68.000
32.000 68.000
32.500 68.000
33.000 68.500
33.500 68.000
34.000 68.000
34.500 68.000
34.500 68.500
35.000 69.000
35.500 69.500
35.500 70.000
36.000 70.500
36.000 71.000
36.500 71.500
37.000 72.000
37.500 72.500
37.500 73.000
37.500 73.500
37.500 74.000
37.500 74.500
37.500 75.000
37.000 75.500
36.500 75.500
36.000 76.000
36.000 76.500
36.000 77.000
36.000 77.500
35.500 78.000
35.500 78.500
35.000 79.000
34.500 79.500
34.500 80.000
34.500 80.500
34.500 81.000
34.500 81.500
35.000 82.000
35.000 82.500
34.500 83.000
35.000 83.500
35.000 84.000
35.000 84.500
35.000 85.000
35.000 85.500
34.500 86.000
34.500 86.500
34.500 87.000
34.000 87.500
34.000 88.000
34.000 88.500
34.000 89.000
34.000 89.500
34.000 90.000
34.500 90.500
35.000 91.000
35.500 91.500
35.000 92.000
35.000 92.500
35.000 93.000
35.500 93.500
35.000 94.000
35.000 94.500
35.000 95.000
35.000 95.500
35.000 96.000
34.500 96.500
34.500 97.000
34.500 97.500
34.500 98.000
35.000 98.500
35.500 99.000
36.000 99.000
36.500 98.500
37.000 99.000
37.500 98.500
38.000 99.000
38.000 99.500
37.500 100.000
37.500 100.500
37.500 101.000
37.500 101.500
38.000 102.000
38.500 102.500
39.000 103.000
39.500 103.500
40.000 103.500
40.500 104.000
40.000 104.500
40.000 105.000
40.500 105.500
41.000 106.000
41.500 106.500
41.500 107.000
42.000 107.500
42.500 107.500
43.000 107.000
43.500 106.500
43.500 106.000
43.500 105.500
43.000 105.000
43.000 104.500
43.500 104.000
43.500 103.500
43.500 103.000
44.000 102.500
44.500 102.500
45.000 102.000
45.500 102.000
46.000 102.000
46.500 102.500
46.500 103.000
46.500 103.500
46.500 104.000
46.500 104.500
46.500 105.000
46.000 105.500
46.500 106.000
47.000 106.500
47.500 107.000
47.500 107.500
48.000 108.000
48.500 108.500
48.500 109.000
49.000 109.500
49.500 110.000
49.500 110.500
50.000 111.000
50.500 111.500
51.000 111.000
51.500 111.500
52.000 112.000
52.500 112.500
52.500 113.000
53.000 113.500
53.000 114.000
53.000 114.500
53.500 115.000
53.500 115.500
54.000 116.000
54.000 116.500
54.000 117.000
54.000 117.500
54.500 118.000
54.500 118.500
54.000 119.000
54.000 119.500
54.500 120.000
54.500 120.500
54.500 121.000
54.500 121.500
54.500 122.000
55.000 122.500
55.000 123.000
55.000 123.500
55.500 124.000
56.000 124.500
56.000 125.000
56.000 125.500
56.000 126.000
56.000 126.500
56.000 127.000
56.000 127.500
56.000 128.000
56.000 128.500
56.000 129.000
56.000 129.500
55.500 130.000
56.000 130.500
55.500 131.000
55.500 131.500
56.000 132.000
56.000 132.500
56.000 133.000
56.000 133.500
56.000 134.000
56.000 134.500
56.000 135.000
56.000 135.500
56.500 136.000
56.500 136.500
57.000 137.000
57.500 137.000
58.000 137.500
58.000 138.000
58.000 138.500
58.500 139.000
59.000 139.000
59.500 139.500
60.000 140.000
60.500 140.000
61.000 140.000
61.500 140.000
62.000 140.000
62.500 140.500
62.500 141.000
62.500 141.500
62.500 142.000
62.000 142.500
62.000 143.000
62.000 143.500
62.000 144.000
62.000 144.500
62.000 145.000
62.500 145.500
62.000 146.000
61.500 146.500
61.500 147.000
61.500 147.500
61.500 148.000
61.000 148.500
61.000 149.000
61.000 149.500
61.000 150.000
61.000 150.500
61.000 151.000
61.000 151.500
61.000 152.000
61.000 152.500
61.000 153.000
61.000 153.500
61.000 154.000
61.500 154.500
61.500 155.000
62.000 155.500
62.500 156.000
62.500 156.500
62.500 157.000
63.000 157.500
63.000 158.000
63.500 158.500
63.500 159.000
64.000 159.500
63.500 160.000
63.500 160.500
64.000 161.000
64.000 161.500
63.500 162.000
63.500 162.500
64.000 163.000
64.500 163.000
65.000 163.500
65.000 164.000
65.000 164.500
65.500 165.000
65.500 165.500
65.500 166.000
65.500 166.500
66.000 167.000
66.500 167.500
66.500 168.000
66.500 168.500
67.000 169.000
67.500 169.500
67.000 170.000
67.000 170.500
67.000 171.000
67.000 171.500
67.000 172.000
67.500 172.500
67.500 173.000
68.000 173.500
68.000 174.000
68.000 174.500
68.000 175.000
68.000 175.500
68.000 176.000
68.000 176.500
68.000 177.000
68.000 177.500
68.000 178.000
68.000 178.500
68.000 179.000
68.000 179.500
67.500 -180.000
67.000 -179.500
67.000 -179.000
67.000 -178.500
67.000 -178.000
66.500 -177.500
66.500 -177.000
66.500 -176.500
66.500 -176.000
66.000 -175.500
65.500 -175.000
65.500 -174.500
65.500 -174.000
65.500 -173.500
66.000 -173.000
66.500 -172.500
66.000 -172.000
65.500 -171.500
66.000 -171.000
66.000 -170.500
66.500 -170.000
66.000 -169.500
65.500 -169.000
65.500 -168.500
66.000 -168.000
65.500 -167.500
65.000 -167.000
64.500 -166.500
65.000 -166.000
65.500 -165.500
65.500 -165.000
65.500 -164.500
65.500 -164.000
65.500 -163.500
65.500 -163.000
65.000 -162.500
65.500 -162.000
65.500 -161.500
65.500 -161.000
65.500 -160.500
65.000 -160.000
65.000 -159.500
65.500 -159.000
66.000 -158.500
66.000 -158.000
66.500 -157.500
66.500 -157.000
66.500 -156.500
66.500 -156.000
66.500 -155.500
66.500 -155.000
67.000 -154.500
67.500 -154.000
68.000 -153.500
68.000 -153.000
68.000 -152.500
68.000 -152.000
68.000 -151.500
68.000 -151.000
68.000 -150.500
68.000 -150.000
68.500 -149.500
68.000 -149.000
68.000 -148.500
68.500 -148.000
68.500 -147.500
68.500 -147.000
68.500 -146.500
68.500 -146.000
68.500 -145.500
69.000 -145.000
68.500 -144.500
69.000 -144.000
69.000 -143.500
69.000 -143.000
69.000 -142.500
68.500 -142.000
69.000 -141.500
68.500 -141.000
68.000 -140.500
68.500 -140.000
68.500 -139.500
68.000 -139.000
68.000 -138.500
68.000 -138.000
68.000 -137.500
67.500 -137.000
67.000 -136.500
66.500 -136.500
66.000 -137.000
65.500 -137.500
65.000 -138.000
64.500 -137.500
64.000 -137.000
64.500 -136.500
64.500 -136.000
64.500 -135.500
64.500 -135.000
64.500 -134.500
64.500 -134.000
64.500 -133.500
64.500 -133.000
64.500 -132.500
64.500 -132.000
64.000 -131.500
64.000 -131.000
64.000 -130.500
63.500 -130.000
63.500 -129.500
63.000 -129.000
62.500 -129.500
62.000 -130.000
61.500 -130.500
61.000 -131.000
60.500 -131.000
60.000 -131.000
59.500 -130.500
59.000 -130.000
58.500 -129.500
58.500 -129.000
58.000 -128.500
57.500 -128.000
58.000 -127.500
57.500 -127.000
57.000 -127.000
56.500 -126.500
56.000 -126.000
56.000 -125.500
55.500 -125.000
55.500 -124.500
55.000 -124.000
54.500 -123.500
55.000 -123.000
55.000 -122.500
55.000 -122.000
55.000 -121.500
54.500 -121.000
54.500 -120.500
54.000 -120.000
54.000 -119.500
53.500 -119.000
53.500 -118.500
53.000 -118.000
52.500 -117.500
52.500 -117.000
52.000 -116.500
51.500 -116.000
51.000 -115.500
50.500 -115.000
50.000 -114.500
49.500 -114.500
49.000 -114.000
49.000 -113.500
48.500 -113.000
48.000 -113.000
47.500 -113.000
47.000 -112.500
46.500 -112.500
46.000 -113.000
45.500 -113.500
45.000 -113.000
44.500 -112.500
44.500 -112.000
44.500 -111.500
44.500 -111.000
44.500 -110.500
44.000 -110.000
43.500 -110.000
43.000 -110.000
42.500 -109.500
42.000 -109.000
42.000 -108.500
41.500 -108.000
41.500 -107.500
41.000 -107.000
40.500 -106.500
40.000 -106.000
39.500 -106.000
39.000 -106.500
38.500 -106.500
38.000 -107.000
37.500 -106.500
37.000 -106.500
36.500 -107.000
36.000 -107.500
35.500 -108.000
35.000 -108.500
34.500 -108.000
34.000 -108.000
33.500 -108.000
33.000 -108.000
32.500 -108.000
32.000 -108.500
31.500 -108.500
31.000 -108.500
30.500 -108.000
30.000 -108.000
29.500 -108.000
29.000 -107.500
28.500 -107.500
28.000 -107.500
27.500 -107.000
27.000 -107.000
26.500 -106.500
26.000 -106.500
25.500 -106.000
25.000 -105.500
24.500 -105.000
24.500 -104.500
24.000 -104.000
23.500 -103.500
23.000 -103.000
23.000 -102.500
22.500 -102.000
22.000 -101.500
21.500 -101.000
21.000 -100.500
20.500 -100.500
20.000 -100.000
19.500 -99.500
19.500 -99.000
19.500 -98.500
19.500 -98.000
19.000 -97.500
18.500 -98.000
18.000 -97.500
17.500 -97.500
17.000 -97.000
17.000 -96.500
16.500 -96.000
17.000 -95.500
17.000 -95.000
17.000 -94.500
17.000 -94.000
16.500 -93.500
16.500 -93.000
16.000 -92.500
15.500 -92.000
15.000 -91.500
15.000 -91.000
15.000 -90.500
14.500 -90.000
14.500 -89.500
14.500 -89.000
14.500 -88.500
14.500 -88.000
14.500 -87.500
14.500 -87.000
14.000 -86.500
13.500 -86.500
13.000 -86.000
12.500 -85.500
12.000 -86.000
11.500 -85.500
11.000 -85.000
10.500 -84.500
10.000 -84.000
9.500 -83.500
9.000 -83.000
8.500 -82.500
8.000 -82.000
8.500 -81.500
8.500 -81.000
8.500 -80.500
9.000 -80.000
8.500 -79.500
8.000 -79.000
7.500 -78.500
7.000 -78.000
7.500 -77.500
7.000 -77.000
7.000 -76.500
6.500 -76.000
6.000 -75.500
5.500 -75.500
5.000 -75.500
4.500 -75.500
4.000 -76.000
3.500 -76.000
3.000 -76.000
2.500 -76.500
2.000 -76.500
1.500 -77.000
1.000 -77.500
0.500 -78.000
0.000 -78.000
-0.500 -78.500
-1.000 -78.500
-1.500 -78.500
-2.000 -78.500
-2.500 -78.500
-3.000 -79.000
-3.500 -79.000
-4.000 -79.000
-4.500 -79.000
-5.000 -79.500
-5.500 -79.000
-6.000 -78.500
-6.500 -78.500
-7.000 -78.500
-7.500 -78.000
-8.000 -78.000
-8.500 -77.500
-9.000 -77.500
-9.500 -77.000
-10.000 -77.000
-10.500 -76.500
-11.000 -76.000
-11.500 -76.000
-12.000 -75.500
-12.500 -75.500
-13.000 -75.000
-13.500 -75.000
-14.000 -74.500
-14.500 -74.000
-14.500 -73.500
-14.500 -73.000
-14.500 -72.500
-15.000 -72.000
-15.000 -71.500
-15.000 -71.000
-14.500 -70.500
-14.500 -70.000
-15.000 -69.500
-15.500 -69.500
-16.000 -69.500
-16.500 -70.000
-17.000 -69.500
-17.500 -69.500
-18.000 -69.000
-18.000 -68.500
-18.000 -68.000
-18.500 -67.500
-19.000 -67.000
-19.500 -66.500
-20.000 -67.000
-20.500 -66.500
-21.000 -66.500
-21.500 -67.000
-22.000 -67.000
-22.500 -67.000
-23.000 -67.500
-23.500 -67.500
-24.000 -67.000
-24.500 -67.500
-24.500 -68.000
-25.000 -68.500
-25.500 -68.500
-26.000 -68.500
-26.500 -68.500
-27.000 -68.500
-27.500 -69.000
-28.000 -69.000
-28.500 -69.000
-29.000 -69.500
-29.500 -70.000
-30.000 -70.000
-30.500 -70.000
-31.000 -70.000
-31.500 -70.000
-32.000 -70.000
-32.500 -70.000
-33.000 -70.000
-33.500 -70.000
-34.000 -70.000
-34.500 -70.000
-35.000 -70.000
-35.500 -70.000
-36.000 -70.000
-36.500 -70.500
-37.000 -70.500
-37.500 -71.000
-38.000 -71.000
-38.500 -71.000
-39.000 -70.500
-39.500 -70.500
-40.000 -71.000
-40.500 -71.500
-41.000 -71.500
-41.500 -71.000
-42.000 -70.500
-42.500 -71.000
-43.000 -71.000
-43.500 -70.500
-44.000 -71.000
-44.500 -71.000
-45.000 -71.000
-45.500 -71.500
-46.000 -71.000
-46.500 -70.500
-47.000 -71.000
-47.500 -70.500
-48.000 -71.000
-48.000 -71.500
-48.000 -72.000
-47.500 -72.500
-47.500 -72.500
-48.000 -72.000
-48.000 -71.500
-48.000 -71.000
-47.500 -70.500
-47.000 -71.000
-46.500 -70.500
-46.000 -71.000
-45.500 -71.500
-45.000 -71.000
-44.500 -71.000
-44.000 -71.000
-43.500 -70.500
-43.000 -71.000
-42.500 -71.000
-42.000 -70.500
-41.500 -71.000
-41.000 -71.500
-40.500 -71.500
-40.000 -71.000
-39.500 -70.500
-39.000 -70.500
-38.500 -71.000
-38.000 -71.000
-37.500 -71.000
-37.000 -70.500
-36.500 -70.500
-36.000 -70.000
-35.500 -70.000
-35.000 -70.000
-34.500 -70.000
-34.000 -70.000
-33.500 -70.000
-33.000 -70.000
-32.500 -70.000
-32.000 -70.000
-31.500 -70.000
-31.000 -70.000
-30.500 -70.000
-30.000 -70.000
-29.500 -70.000
-29.000 -69.500
-28.500 -69.000
-28.000 -69.000
-27.500 -69.000
-27.000 -68.500
-26.500 -68.500
-26.000 -68.500
-25.500 -68.500
-25.000 -68.500
-24.500 -68.000
-24.500 -67.500
-24.000 -67.000
-23.500 -67.500
-23.000 -67.500
-22.500 -67.000
-22.000 -67.000
-21.500 -67.000
-21.000 -66.500
-20.500 -66.500
-20.000 -67.000
-19.500 -66.500
-19.000 -67.000
-18.500 -67.500
-18.000 -68.000
-18.000 -68.500
-18.000 -69.000
-17.500 -69.500
-17.000 -69.500
-16.500 -70.000
-16.000 -69.500
-15.500 -69.500
-15.000 -69.500
-14.500 -70.000
-14.500 -70.500
-15.000 -71.000
-15.000 -71.500
-15.000 -72.000
-14.500 -72.500
-14.500 -73.000
-14.500 -73.500
-14.500 -74.000
-14.000 -74.500
-13.500 -75.000
-13.000 -75.000
-12.500 -75.500
-12.000 -75.500
-11.500 -76.000
-11.000 -76.000
-10.500 -76.500
-10.000 -77.000
-9.500 -77.000
-9.000 -77.500
-8.500 -77.500
-8.000 -78.000
-7.500 -78.000
-7.000 -78.500
-6.500 -78.500
-6.000 -78.500
-5.500 -79.000
-5.000 -79.500
-4.500 -79.000
-4.000 -79.000
-3.500 -79.000
-3.000 -79.000
-2.500 -78.500
-2.000 -78.500
-1.500 -78.500
-1.000 -78.500
-0.500 -78.500
0.000 -78.000
0.500 -78.000
1.000 -77.500
1.500 -77.000
2.000 -76.500
2.500 -76.500
3.000 -76.000
3.500 -76.000
4.000 -76.000
4.500 -75.500
5.000 -75.500
5.500 -75.500
6.000 -75.500
6.500 -76.000
7.000 -76.500
7.000 -77.000
7.500 -77.500
7.000 -78.000
7.500 -78.500
8.000 -79.000
8.500 -79.500
8.500 -80.000
9.000 -80.500
8.500 -81.000
8.500 -81.500
9.000 -82.000
9.500 -82.500
9.000 -83.000
9.500 -83.500
10.000 -84.000
10.500 -84.500
11.000 -85.000
11.500 -85.500
12.000 -86.000
12.500 -85.500
13.000 -86.000
13.500 -86.500
14.000 -86.500
14.500 -87.000
14.500 -87.500
14.500 -88.000
14.500 -88.500
14.500 -89.000
14.500 -89.500
14.500 -90.000
15.000 -90.500
15.000 -91.000
15.000 -91.500
15.500 -92.000
16.000 -92.500
16.500 -93.000
16.500 -93.500
17.000 -94.000
17.000 -94.500
17.000 -95.000
17.000 -95.500
16.500 -96.000
17.000 -96.500
17.000 -97.000
17.500 -97.500
18.000 -97.500
18.500 -98.000
19.000 -97.500
19.500 -98.000
19.500 -98.500
19.500 -99.000
19.500 -99.500
20.000 -100.000
20.500 -100.500
21.000 -100.500
21.500 -101.000
22.000 -101.500
22.500 -102.000
23.000 -102.500
23.000 -103.000
23.500 -103.500
24.000 -104.000
24.500 -104.500
24.500 -105.000
25.000 -105.500
25.500 -106.000
26.000 -106.500
26.500 -106.500
27.000 -107.000
27.500 -107.000
28.000 -107.500
28.500 -107.500
29.000 -107.500
29.500 -108.000
30.000 -108.000
30.500 -108.000
31.000 -108.500
31.500 -108.500
32.000 -108.500
32.500 -108.000
33.000 -108.000
33.500 -108.000
34.000 -108.000
34.500 -108.000
35.000 -108.500
35.500 -108.000
36.000 -107.500
36.500 -107.000
37.000 -106.500
37.500 -106.500
38.000 -107.000
38.500 -106.500
39.000 -106.500
39.500 -106.000
40.000 -106.000
40.500 -106.500
41.000 -107.000
41.500 -107.500
41.500 -108.000
42.000 -108.500
42.000 -109.000
42.500 -109.500
43.000 -110.000
43.500 -110.000
44.000 -110.000
44.500 -110.500
44.500 -111.000
44.500 -111.500
44.500 -112.000
44.500 -112.500
45.000 -113.000
45.500 -113.500
46.000 -113.000
46.500 -112.500
47.000 -112.500
47.500 -113.000
48.000 -113.000
48.500 -113.000
49.000 -113.500
49.000 -114.000
49.500 -114.500
50.000 -114.500
50.500 -115.000
51.000 -115.500
51.500 -116.000
52.000 -116.500
52.500 -117.000
52.500 -117.500
53.000 -118.000
53.500 -118.500
53.500 -119.000
54.000 -119.500
54.000 -120.000
54.500 -120.500
54.500 -121.000
55.000 -121.500
55.000 -122.000
55.000 -122.500
55.000 -123.000
54.500 -123.500
55.000 -124.000
55.500 -124.500
55.500 -125.000
56.000 -125.500
56.000 -126.000
56.500 -126.500
57.000 -127.000
57.500 -127.000
58.000 -127.500
57.500 -128.000
58.000 -128.500
58.500 -129.000
58.500 -129.500
59.000 -130.000
59.500 -130.500
60.000 -131.000
60.500 -131.000
61.000 -131.000
61.500 -130.500
62.000 -130.000
62.500 -129.500
63.000 -129.000
63.500 -129.500
63.500 -130.000
64.000 -130.500
64.000 -131.000
64.000 -131.500
64.500 -132.000
64.500 -132.500
64.500 -133.000
64.500 -133.500
64.500 -134.000
64.500 -134.500
64.500 -135.000
64.500 -135.500
64.500 -136.000
64.500 -136.500
64.000 -137.000
64.500 -137.500
65.000 -138.000
65.500 -137.500
66.000 -137.000
66.500 -136.500
67.000 -136.500
67.500 -137.000
68.000 -137.500
68.000 -138.000
68.000 -138.500
68.000 -139.000
68.500 -139.500
68.500 -140.000
68.000 -140.500
68.500 -141.000
69.000 -141.500
68.500 -142.000
69.000 -142.500
69.000 -143.000
69.000 -143.500
69.000 -144.000
68.500 -144.500
69.000 -145.000
68.500 -145.500
68.500 -146.000
68.500 -146.500
68.500 -147.000
68.500 -147.500
68.500 -148.000
68.000 -148.500
68.000 -149.000
68.500 -149.500
68.000 -150.000
68.000 -150.500
68.000 -151.000
68.000 -151.500
68.000 -152.000
68.000 -152.500
68.000 -153.000
68.000 -153.500
67.500 -154.000
67.000 -154.500
66.500 -155.000
66.500 -155.500
66.500 -156.000
66.500 -156.500
66.500 -157.000
66.500 -157.500
66.000 -158.000
66.000 -158.500
65.500 -159.000
65.000 -159.500
65.000 -160.000
65.500 -160.500
65.500 -161.000
65.500 -161.500
65.500 -162.000
65.000 -162.500
65.500 -163.000
65.500 -163.500
65.500 -164.000
65.500 -164.500
65.500 -165.000
65.500 -165.500
65.500 -166.000
66.000 -166.500
65.500 -167.000
66.000 -167.500
65.500 -168.000
66.000 -168.500
65.500 -169.000
66.000 -169.500
66.000 -170.000
65.500 -170.500
66.000 -171.000
65.500 -171.500
66.000 -172.000
66.500 -172.500
66.000 -173.000
65.500 -173.500
65.500 -174.000
65.500 -174.500
65.500 -175.000
66.000 -175.500
66.500 -176.000
66.500 -176.500
66.500 -177.000
66.500 -177.500
67.000 -178.000
67.000 -178.500
67.000 -179.000
67.000 -179.500
67.500 -180.000
68.000 179.500
68.000 179.000
68.000 178.500
68.000 178.000
68.000 177.500
68.000 177.000
68.000 176.500
68.000 176.000
68.000 175.500
68.000 175.000
68.000 174.500
68.000 174.000
68.000 173.500
67.500 173.000
67.500 172.500
67.000 172.000
67.000 171.500
67.000 171.000
67.000 170.500
67.000 170.000
67.500 169.500
67.000 169.000
66.500 168.500
66.500 168.000
66.500 167.500
66.000 167.000
65.500 166.500
65.500 166.000
65.500 165.500
65.500 165.000
65.000 164.500
65.000 164.000
65.000 163.500
64.500 163.000
64.000 163.000
63.500 162.500
63.500 162.000
64.000 161.500
64.000 161.000
63.500 160.500
63.500 160.000
64.000 159.500
63.500 159.000
63.500 158.500
63.000 158.000
63.000 157.500
62.500 157.000
62.500 156.500
62.500 156.000
62.000 155.500
61.500 155.000
61.500 154.500
61.000 154.000
61.000 153.500
61.000 153.000
61.000 152.500
61.000 152.000
61.000 151.500
61.000 151.000
61.000 150.500
61.000 150.000
61.000 149.500
61.000 149.000
61.000 148.500
61.500 148.000
61.500 147.500
61.500 147.000
61.500 146.500
62.000 146.000
62.500 145.500
62.000 145.000
62.000 144.500
62.000 144.000
62.000 143.500
62.000 143.000
62.000 142.500
62.500 142.000
62.500 141.500
62.500 141.000
62.500 140.500
62.000 140.000
61.500 140.000
61.000 140.000
60.500 140.000
60.000 140.000
59.500 139.500
59.000 139.000
58.500 139.000
58.000 138.500
58.000 138.000
58.000 137.500
57.500 137.000
57.000 137.000
56.500 136.500
56.500 136.000
56.000 135.500
56.000 135.000
56.000 134.500
56.000 134.000
56.000 133.500
56.000 133.000
56.000 132.500
56.000 132.000
55.500 131.500
55.500 131.000
56.000 130.500
55.500 130.000
56.000 129.500
56.000 129.000
56.000 128.500
56.000 128.000
56.000 127.500
56.000 127.000
56.000 126.500
56.000 126.000
56.000 125.500
56.000 125.000
56.000 124.500
55.500 124.000
55.000 123.500
55.000 123.000
55.000 122.500
54.500 122.000
54.500 121.500
54.500 121.000
54.500 120.500
54.500 120.000
54.000 119.500
54.000 119.000
54.500 118.500
54.500 118.000
54.000 117.500
54.000 117.000
54.000 116.500
54.000 116.000
53.500 115.500
53.500 115.000
53.000 114.500
53.000 114.000
53.000 113.500
52.500 113.000
52.500 112.500
52.000 112.000
51.500 111.500
51.000 111.000
50.500 111.500
50.000 111.000
49.500 110.500
49.500 110.000
49.000 109.500
48.500 109.000
48.500 108.500
48.000 108.000
47.500 107.500
47.500 107.000
47.000 106.500
46.500 106.000
46.000 105.500
46.500 105.000
46.500 104.500
46.500 104.000
46.500 103.500
46.500 103.000
46.500 102.500
46.000 102.000
45.500 102.000
45.000 102.000
44.500 102.500
44.000 102.500
43.500 103.000
43.500 103.500
43.500 104.000
43.000 104.500
43.000 105.000
43.500 105.500
43.500 106.000
43.500 106.500
43.000 107.000
42.500 107.500
42.000 107.500
41.500 107.000
41.500 106.500
41.000 106.000
40.500 105.500
40.000 105.000
40.000 104.500
40.500 104.000
40.000 103.500
39.500 103.500
39.000 103.000
38.500 102.500
38.000 102.000
37.500 101.500
37.500 101.000
37.500 100.500
37.500 100.000
38.000 99.500
38.000 99.000
37.500 98.500
37.000 99.000
36.500 98.500
36.000 99.000
35.500 99.000
35.000 98.500
34.500 98.000
34.000 98.000
33.500 98.500
33.000 98.000
32.500 98.500
32.000 99.000
31.500 99.500
31.000 99.500
30.500 99.500
30.000 100.000
29.500 100.500
29.000 100.500
28.500 100.000
28.000 100.000
27.500 99.500
27.000 99.500
26.500 99.500
26.000 100.000
25.500 100.500
25.000 100.000
24.500 100.000
24.000 100.500
23.500 100.000
23.000 99.500
22.500 100.000
22.000 100.000
21.500 99.500
21.000 99.500
20.500 99.500
20.000 99.000
19.500 98.500
19.000 98.500
18.500 99.000
18.000 98.500
17.500 98.500
17.000 98.500
16.500 99.000
16.000 99.000
15.500 99.000
15.000 99.000
14.500 98.500
14.000 99.000
13.500 99.000
13.000 99.500
12.500 99.500
12.000 99.500
11.500 99.000
11.000 99.000
10.500 99.500
10.000 99.000
9.500 99.500
9.000 99.000
8.500 99.500
8.000 99.500
7.500 100.000
7.000 100.500
6.500 101.000
6.000 101.000
5.500 101.500
5.000 101.500
4.500 101.500
4.000 102.000
3.500 102.000
3.000 102.000
2.500 101.500
2.000 101.000
1.500 100.500
1.000 100.000
0.500 100.000
0.000 100.500
-0.500 101.000
-1.000 101.000
-1.500 101.500
-2.000 101.500
-2.500 102.000
-3.000 102.500
-3.500 103.000
-4.000 103.500
-4.500 104.000
-5.000 104.500
-5.000 105.000
-5.000 105.500
-5.500 106.000
-6.000 106.000
-6.500 106.500
-7.000 107.000
-7.000 107.500
-7.000 108.000
-7.500 108.500
-7.500 109.000
-7.000 109.500
-7.500 110.000
-7.500 110.500
-7.500 111.000
-8.000 111.500
-8.000 112.000
-8.000 112.500
-8.000 113.000
-7.500 113.500
-8.000 114.000
-8.500 114.500
-8.500 115.000
-8.000 115.500
-8.500 116.000
-8.000 116.500
-8.000 117.000
-7.500 117.500
-7.500 118.000
-8.000 118.500
-8.500 119.000
-9.000 119.500
-8.500 120.000
-8.000 120.500
-7.500 121.000
-7.000 120.500
-6.500 121.000
-6.000 120.500
-5.500 120.000
-5.000 120.000
-4.500 120.000
-4.000 120.500
-3.500 120.000
-3.000 119.500
-2.500 119.500
-2.000 120.000
-2.000 120.500
-2.000 121.000
-1.500 121.500
-2.000 122.000
-1.500 122.500
-2.000 123.000
-2.000 123.500
-2.000 124.000
-2.000 124.500
-2.000 125.000
-2.000 125.500
-2.500 126.000
-3.000 126.500
-3.500 127.000
-3.500 127.500
-3.500 128.000
-3.000 128.500
-2.500 129.000
-2.000 129.500
-2.000 130.000
-2.000 130.500
-2.000 131.000
-1.500 131.500
-1.000 132.000
-1.000 132.500
-1.000 133.000
-1.500 133.500
-2.000 134.000
-2.500 134.500
-3.000 135.000
-3.500 135.500
-4.000 136.000
-3.500 136.500
-4.000 137.000
-4.000 137.500
-4.000 138.000
-4.000 138.500
-4.000 139.000
-4.000 139.500
-4.500 140.000
-4.500 140.500
-5.000 141.000
-5.000 141.500
-5.000 142.000
-5.500 142.500
-6.000 143.000
-6.500 142.500
-7.000 142.500
-7.500 142.500
-8.000 142.000
-8.500 141.500
-9.000 141.000
-9.500 141.500
-10.000 142.000
-10.500 142.500
-11.000 143.000
-11.500 142.500
-12.000 142.500
-12.500 142.500
-13.000 143.000
-13.500 143.000
-14.000 143.000
-14.500 143.000
-15.000 143.000
-15.500 143.500
-16.000 144.000
-16.500 144.500
-17.000 145.000
-17.500 145.000
-18.000 145.000
-18.500 145.000
-19.000 144.500
-19.500 144.000
-20.000 144.500
-20.500 145.000
-21.000 145.000
-21.500 145.500
-22.000 146.000
-22.500 146.000
-23.000 146.000
-23.500 146.000
-24.000 146.500
-24.500 146.500
-25.000 147.000
-25.000 147.500
-25.500 148.000
-26.000 148.500
-26.000 149.000
-26.500 149.500
-26.500 150.000
-26.500 150.500
-26.500 151.000
-27.000 151.500
-27.500 151.500
-28.000 151.500
-28.500 152.000
-29.000 152.000
-29.500 152.000
-30.000 151.500
-30.000 151.000
-30.500 150.500
-31.000 150.000
-31.500 149.500
-32.000 149.500
-32.500 149.500
-33.000 149.500
-33.500 149.500
-34.000 149.500
-34.500 149.000
-35.000 149.000
-35.500 149.000
-36.000 149.000
-36.500 148.500
