34.5 85.6
34.6 85.6
34.7 85.7
34.8 85.7
34.9 85.6
35.0 85.7
35.1 85.8
35.2 85.8
35.3 85.7
35.4 85.6
35.5 85.7
35.6 85.8
35.6 85.9
35.5 86.0
35.5 86.1
35.5 86.2
35.5 86.3
35.5 86.4
35.5 86.5
35.5 86.6
35.5 86.7
35.4 86.8
35.5 86.9
35.5 87.0
35.6 87.1
35.6 87.2
35.6 87.3
35.6 87.4
35.5 87.5
35.5 87.6
35.4 87.7
35.5 87.8
35.6 87.9
35.7 88.0
35.7 88.1
35.7 88.2
35.7 88.3
35.7 88.4
35.7 88.5
35.7 88.6
35.7 88.7
35.8 88.8
35.7 88.9
35.7 89.0
35.7 89.1
35.6 89.2
35.7 89.3
35.6 89.4
35.6 89.5
35.5 89.6
35.6 89.7
35.7 89.7
35.8 89.8
35.9 89.9
35.9 90.0
35.9 90.1
35.9 90.2
35.9 90.3
35.9 90.4
35.8 90.5
35.7 90.5
35.6 90.4
35.5 90.5
35.5 90.6
35.5 90.7
35.5 90.8
35.5 90.9
35.5 91.0
35.4 91.1
35.4 91.2
35.5 91.3
35.5 91.4
35.6 91.5
35.7 91.5
35.8 91.6
35.8 91.7
35.8 91.8
35.8 91.9
35.8 92.0
35.8 92.1
35.8 92.2
35.9 92.3
35.9 92.4
35.9 92.5
35.9 92.6
35.9 92.7
35.9 92.8
35.9 92.9
35.9 93.0
35.9 93.1
35.8 93.2
35.8 93.3
35.8 93.4
35.8 93.5
35.8 93.6
35.8 93.7
35.7 93.8
35.8 93.9
35.7 94.0
35.6 94.1
35.6 94.2
35.6 94.3
35.6 94.4
35.6 94.5
35.6 94.6
35.6 94.7
35.6 94.8
35.6 94.9
35.5 95.0
35.4 95.0
35.3 95.1
35.2 95.0
35.1 95.1
35.0 95.2
34.9 95.2
34.8 95.3
34.8 95.4
34.9 95.5
35.0 95.6
35.1 95.7
35.0 95.8
35.0 95.9
35.1 96.0
35.2 96.1
35.3 96.2
35.3 96.3
35.3 96.4
35.3 96.5
35.3 96.6
35.3 96.7
35.4 96.8
35.4 96.9
35.4 97.0
35.3 97.1
35.3 97.2
35.3 97.3
35.3 97.4
35.4 97.5
35.4 97.6
35.4 97.7
35.3 97.8
35.3 97.9
35.3 98.0
35.3 98.1
35.3 98.2
35.4 98.3
35.5 98.4
35.5 98.5
35.5 98.6
35.5 98.7
35.5 98.8
35.6 98.9
35.5 99.0
35.6 99.1
35.6 99.2
35.7 99.3
35.8 99.2
35.9 99.1
36.0 99.1
36.1 99.0
36.2 98.9
36.3 98.9
36.4 99.0
36.5 98.9
36.6 98.8
36.7 98.7
36.8 98.8
36.9 98.7
37.0 98.8
37.1 98.8
37.2 98.8
37.3 98.7
37.3 98.6
37.4 98.5
37.4 98.4
37.5 98.3
37.5 98.2
37.6 98.1
37.7 98.0
37.8 97.9
37.9 97.8
37.9 97.7
38.0 97.6
38.0 97.5
38.0 97.4
38.0 97.3
38.1 97.2
38.2 97.1
38.3 97.0
38.4 97.1
38.5 97.2
38.6 97.3
38.7 97.2
38.7 97.1
38.8 97.0
38.9 96.9
39.0 96.8
39.1 96.8
39.2 96.7
39.3 96.7
39.4 96.6
39.5 96.5
39.5 96.4
39.6 96.3
39.7 96.4
39.8 96.4
39.9 96.5
40.0 96.6
40.1 96.7
40.2 96.8
40.3 96.9
40.4 97.0
40.5 97.1
40.6 97.1
40.7 97.2
40.8 97.1
40.9 97.0
41.0 97.0
41.1 96.9
41.2 96.8
41.3 96.7
41.4 96.6
41.4 96.5
41.4 96.4
41.5 96.3
41.6 96.2
41.7 96.3
41.8 96.3
41.9 96.2
42.0 96.3
42.1 96.3
42.2 96.4
42.3 96.5
42.4 96.4
42.5 96.3
42.6 96.4
42.7 96.5
42.8 96.6
42.9 96.7
43.0 96.7
43.1 96.6
43.2 96.6
43.3 96.7
43.3 96.8
43.3 96.9
43.3 97.0
43.2 97.1
43.2 97.2
43.2 97.3
43.2 97.4
43.2 97.5
43.1 97.6
43.1 97.7
43.1 97.8
43.1 97.9
43.1 98.0
43.1 98.1
43.1 98.2
43.0 98.3
42.9 98.4
42.9 98.5
42.9 98.6
42.9 98.7
42.9 98.8
42.9 98.9
42.8 99.0
42.9 99.1
42.9 99.2
42.8 99.3
42.8 99.4
42.9 99.5
43.0 99.6
43.0 99.7
43.1 99.8
43.2 99.9
43.3 100.0
43.2 100.1
43.2 100.2
43.2 100.3
43.2 100.4
43.2 100.5
43.2 100.6
43.2 100.7
43.3 100.8
43.4 100.8
43.5 100.9
43.6 101.0
43.6 101.1
43.6 101.2
43.6 101.3
43.6 101.4
43.6 101.5
43.6 101.6
43.6 101.7
43.6 101.8
43.6 101.9
43.6 102.0
43.6 102.1
43.6 102.2
43.6 102.3
43.6 102.4
43.6 102.5
43.6 102.6
43.6 102.7
43.7 102.8
43.8 102.9
43.9 102.9
44.0 102.9
44.1 102.8
44.2 102.8
44.3 102.8
44.4 102.8
44.5 102.7
44.5 102.6
44.5 102.5
44.5 102.4
44.5 102.3
44.5 102.2
44.6 102.1
44.6 102.0
44.6 101.9
44.7 101.8
44.8 101.7
44.8 101.6
44.9 101.5
44.9 101.4
44.9 101.3
44.8 101.2
44.8 101.1
44.7 101.0
44.8 100.9
44.9 100.8
44.9 100.7
44.9 100.6
44.9 100.5
44.9 100.4
45.0 100.3
45.0 100.2
45.0 100.1
45.0 100.0
45.1 99.9
45.0 99.8
45.0 99.7
45.1 99.6
45.1 99.5
45.1 99.4
45.2 99.3
45.1 99.2
45.1 99.1
45.2 99.0
45.2 98.9
45.2 98.8
45.2 98.7
45.2 98.6
45.1 98.5
45.0 98.4
45.1 98.3
45.1 98.2
45.1 98.1
45.2 98.0
45.2 97.9
45.2 97.8
45.3 97.7
45.3 97.6
45.3 97.5
45.3 97.4
45.4 97.3
45.4 97.2
45.4 97.1
45.4 97.0
45.5 96.9
45.6 96.8
45.7 96.7
45.8 96.6
45.9 96.5
46.0 96.4
46.1 96.4
46.2 96.5
46.2 96.6
46.2 96.7
46.2 96.8
46.2 96.9
46.1 97.0
46.1 97.1
46.0 97.2
46.0 97.3
46.1 97.4
46.2 97.5
46.3 97.6
46.4 97.7
46.5 97.8
46.6 97.8
46.7 97.9
46.8 97.8
46.9 97.9
47.0 98.0
47.1 98.1
47.2 98.2
47.3 98.3
47.4 98.2
47.5 98.3
47.6 98.4
47.6 98.5
47.7 98.6
47.7 98.7
47.6 98.8
47.5 98.9
47.5 99.0
47.5 99.1
47.5 99.2
47.5 99.3
47.4 99.4
47.5 99.5
47.6 99.6
47.6 99.7
47.5 99.8
47.4 99.9
47.3 99.9
47.2 100.0
47.1 100.1
47.1 100.2
47.2 100.3
47.1 100.4
47.0 100.5
46.9 100.6
46.9 100.7
47.0 100.8
46.9 100.9
46.8 101.0
46.7 101.1
46.6 101.2
46.5 101.3
46.4 101.4
46.4 101.5
46.5 101.6
46.5 101.7
46.5 101.8
46.5 101.9
46.6 102.0
46.6 102.1
46.7 102.2
46.6 102.3
46.7 102.4
46.7 102.5
46.6 102.6
46.6 102.7
46.6 102.8
46.6 102.9
46.5 103.0
46.5 103.1
46.6 103.2
46.6 103.3
46.7 103.4
46.7 103.5
46.6 103.6
46.6 103.7
46.7 103.8
46.6 103.9
46.7 104.0
46.7 104.1
46.7 104.2
46.6 104.3
46.5 104.3
46.4 104.4
46.5 104.5
46.5 104.6
46.6 104.7
46.6 104.8
46.5 104.9
46.5 105.0
46.5 105.1
46.6 105.2
46.5 105.3
46.4 105.4
46.4 105.5
46.4 105.6
46.5 105.7
46.6 105.8
46.6 105.9
46.7 106.0
46.8 106.1
46.9 106.2
46.9 106.3
47.0 106.4
47.1 106.4
47.2 106.5
47.3 106.5
47.4 106.6
47.4 106.7
47.3 106.8
47.4 106.9
47.5 107.0
47.5 107.1
47.6 107.2
47.6 107.3
47.6 107.4
47.6 107.5
47.7 107.6
47.8 107.7
47.9 107.8
48.0 107.9
47.9 108.0
48.0 108.1
48.1 108.2
48.2 108.2
48.3 108.2
48.4 108.2
48.5 108.3
48.5 108.4
48.4 108.5
48.5 108.6
48.6 108.6
48.7 108.7
48.8 108.7
48.9 108.8
49.0 108.9
49.1 109.0
49.2 109.1
49.2 109.2
49.3 109.3
49.4 109.4
49.5 109.5
49.4 109.6
49.4 109.7
49.5 109.8
49.5 109.9
49.4 110.0
49.4 110.1
49.4 110.2
49.5 110.3
49.6 110.4
49.6 110.5
49.6 110.6
49.7 110.7
49.7 110.8
49.6 110.9
49.7 111.0
49.8 111.1
49.9 111.0
50.0 111.0
50.1 111.0
50.2 111.0
50.3 111.1
50.4 111.2
50.5 111.1
50.6 111.1
50.7 111.1
50.8 111.1
50.9 111.1
51.0 111.0
51.1 111.1
51.1 111.2
51.2 111.3
51.2 111.4
51.2 111.5
51.2 111.6
51.3 111.7
51.3 111.8
51.4 111.9
51.4 112.0
51.4 112.1
51.5 112.2
51.6 112.3
51.7 112.3
51.8 112.2
51.9 112.3
52.0 112.3
52.1 112.3
52.2 112.3
52.3 112.2
52.4 112.1
52.5 112.2
52.6 112.3
52.6 112.4
52.7 112.5
52.7 112.6
52.8 112.7
52.8 112.8
52.8 112.9
52.8 113.0
52.9 113.1
53.0 113.2
53.1 113.1
53.2 113.2
53.3 113.2
53.4 113.3
53.5 113.3
53.6 113.2
53.7 113.1
53.8 113.0
53.8 112.9
53.7 112.8
53.7 112.7
53.7 112.6
53.8 112.5
53.9 112.4
54.0 112.3
54.1 112.2
54.2 112.1
54.3 112.1
54.4 112.2
54.5 112.1
54.5 112.0
54.5 111.9
54.5 111.8
54.6 111.7
54.7 111.7
54.8 111.8
54.9 111.7
55.0 111.8
55.1 111.8
55.2 111.9
55.3 112.0
55.3 112.1
55.3 112.2
55.4 112.3
55.4 112.4
55.5 112.5
55.6 112.4
55.7 112.5
55.8 112.6
55.9 112.7
55.9 112.8
55.9 112.9
56.0 113.0
56.1 113.1
56.2 113.2
56.2 113.3
56.2 113.4
56.3 113.5
56.3 113.6
56.4 113.7
56.4 113.8
56.4 113.9
56.5 114.0
56.6 114.1
56.7 114.2
56.6 114.3
56.6 114.4
56.6 114.5
56.7 114.6
56.7 114.7
56.8 114.8
56.9 114.9
57.0 115.0
57.1 115.1
57.1 115.2
57.1 115.3
57.1 115.4
57.0 115.5
57.1 115.6
57.0 115.7
56.9 115.8
56.9 115.9
56.9 116.0
56.8 116.1
56.8 116.2
56.9 116.3
56.8 116.4
56.8 116.5
56.8 116.6
56.7 116.7
56.6 116.8
56.6 116.9
56.7 117.0
56.6 117.1
56.5 117.2
56.5 117.3
56.5 117.4
56.4 117.5
56.4 117.6
56.4 117.7
56.3 117.8
56.2 117.9
56.3 118.0
56.3 118.1
56.3 118.2
56.3 118.3
56.4 118.4
56.5 118.5
56.6 118.6
56.6 118.7
56.6 118.8
56.7 118.9
56.8 119.0
56.7 119.1
56.7 119.2
56.8 119.3
56.9 119.3
57.0 119.4
57.1 119.5
57.2 119.6
57.1 119.7
57.2 119.8
57.2 119.9
57.3 120.0
57.2 120.1
57.2 120.2
57.3 120.3
57.3 120.4
57.3 120.5
57.4 120.6
57.5 120.6
57.6 120.7
57.6 120.8
57.6 120.9
57.6 121.0
57.6 121.1
57.5 121.2
57.5 121.3
57.5 121.4
57.5 121.5
57.4 121.6
57.4 121.7
57.4 121.8
57.4 121.9
57.5 122.0
57.4 122.1
57.4 122.2
57.5 122.3
57.4 122.4
57.3 122.4
57.2 122.4
57.1 122.4
57.0 122.5
56.9 122.4
56.8 122.4
56.7 122.3
56.6 122.4
56.6 122.5
56.5 122.6
56.5 122.7
56.5 122.8
56.6 122.9
56.5 123.0
56.5 123.1
56.5 123.2
56.5 123.3
56.4 123.4
56.4 123.5
56.4 123.6
56.5 123.7
56.6 123.8
56.6 123.9
56.5 124.0
56.4 123.9
56.3 124.0
56.3 124.1
56.2 124.2
56.1 124.3
56.1 124.4
56.1 124.5
56.1 124.6
56.1 124.7
56.0 124.8
56.1 124.9
56.1 125.0
56.1 125.1
56.1 125.2
56.1 125.3
56.1 125.4
56.0 125.5
55.9 125.6
56.0 125.7
56.1 125.8
56.0 125.9
56.1 126.0
56.0 126.1
56.0 126.2
55.9 126.3
55.9 126.4
55.9 126.5
56.0 126.6
56.0 126.7
56.0 126.8
56.1 126.9
56.2 127.0
56.1 127.1
56.1 127.2
56.2 127.3
56.2 127.4
56.3 127.5
56.3 127.6
56.2 127.7
56.3 127.8
56.2 127.9
56.1 128.0
56.0 127.9
55.9 128.0
55.9 128.1
55.8 128.2
55.8 128.3
55.9 128.4
56.0 128.5
56.1 128.6
56.1 128.7
56.0 128.8
55.9 128.9
55.9 129.0
55.9 129.1
56.0 129.2
56.0 129.3
55.9 129.4
55.9 129.5
55.8 129.6
55.8 129.7
55.9 129.8
55.8 129.9
55.9 130.0
55.8 130.1
55.8 130.2
55.8 130.3
55.9 130.4
55.9 130.5
55.8 130.6
55.8 130.7
55.8 130.8
55.8 130.9
55.7 131.0
55.6 131.1
55.7 131.2
55.7 131.3
55.7 131.4
55.8 131.5
55.7 131.6
55.7 131.7
55.7 131.8
55.7 131.9
55.8 132.0
55.7 132.1
55.8 132.2
55.8 132.3
55.7 132.4
55.7 132.5
55.7 132.6
55.6 132.7
55.6 132.8
55.6 132.9
55.6 133.0
55.6 133.1
55.7 133.2
55.7 133.3
55.7 133.4
55.7 133.5
55.7 133.6
55.7 133.7
55.8 133.8
55.8 133.9
55.8 134.0
55.8 134.1
55.9 134.2
55.9 134.3
55.8 134.4
55.7 134.5
55.6 134.6
55.6 134.7
55.7 134.8
55.6 134.9
55.7 135.0
55.7 135.1
55.7 135.2
55.6 135.3
55.7 135.4
55.7 135.5
55.7 135.6
55.7 135.7
55.8 135.8
55.9 135.9
55.9 136.0
55.9 136.1
55.9 136.2
56.0 136.3
56.0 136.4
56.0 136.5
56.1 136.6
56.2 136.7
56.1 136.8
56.2 136.9
56.3 137.0
56.3 137.1
56.4 137.2
56.5 137.3
56.6 137.2
56.7 137.2
56.8 137.3
56.9 137.4
57.0 137.5
57.1 137.6
57.1 137.7
57.2 137.8
57.3 137.8
57.4 137.9
57.5 138.0
57.5 138.1
57.6 138.2
57.5 138.3
57.6 138.4
57.7 138.5
57.8 138.6
57.9 138.6
58.0 138.7
58.1 138.8
58.1 138.9
58.1 139.0
58.2 139.1
58.3 139.2
58.3 139.3
58.4 139.4
58.5 139.3
58.6 139.2
58.7 139.2
58.8 139.2
58.9 139.1
58.9 139.0
59.0 138.9
59.1 138.9
59.2 139.0
59.3 139.1
59.4 139.0
59.5 139.1
59.6 139.0
59.7 139.0
59.8 139.1
59.9 139.1
60.0 139.0
60.1 139.0
60.2 139.1
60.3 139.2
60.4 139.3
60.5 139.3
60.6 139.3
60.7 139.2
60.8 139.2
60.9 139.2
61.0 139.3
61.0 139.4
61.1 139.5
61.2 139.6
61.3 139.7
61.2 139.8
61.3 139.9
61.4 140.0
61.5 139.9
61.6 140.0
61.7 140.1
61.8 140.2
61.9 140.2
62.0 140.2
62.1 140.2
62.2 140.3
62.3 140.2
62.4 140.2
62.5 140.3
62.4 140.4
62.5 140.5
62.4 140.6
62.5 140.7
62.6 140.8
62.6 140.9
62.6 141.0
62.5 141.1
62.4 141.2
62.4 141.3
62.4 141.4
62.3 141.5
62.3 141.6
62.2 141.7
62.1 141.8
62.1 141.9
62.1 142.0
62.2 142.1
62.1 142.2
62.0 142.3
61.9 142.4
61.8 142.5
61.8 142.6
61.9 142.7
61.9 142.8
61.9 142.9
62.0 143.0
62.1 143.1
62.1 143.2
62.1 143.3
62.0 143.4
62.0 143.5
62.0 143.6
62.0 143.7
62.0 143.8
62.0 143.9
61.9 144.0
61.8 144.1
61.8 144.2
61.8 144.3
61.7 144.4
61.6 144.5
61.6 144.6
61.5 144.7
61.5 144.8
61.6 144.9
61.6 145.0
61.6 145.1
61.5 145.2
61.5 145.3
61.6 145.4
61.7 145.5
61.8 145.6
61.8 145.7
61.7 145.8
61.6 145.9
61.5 146.0
61.4 146.0
61.3 146.1
61.3 146.2
61.3 146.3
61.3 146.4
61.4 146.5
61.3 146.6
61.2 146.7
61.1 146.8
61.1 146.9
61.2 147.0
61.3 147.1
61.2 147.2
61.1 147.3
61.0 147.4
61.0 147.5
60.9 147.6
60.9 147.7
61.0 147.8
61.1 147.9
61.0 148.0
61.1 148.1
61.1 148.2
61.1 148.3
61.0 148.4
61.0 148.5
60.9 148.6
60.8 148.7
60.7 148.8
60.6 148.9
60.5 149.0
60.6 149.1
60.7 149.2
60.8 149.3
60.8 149.4
60.7 149.5
60.6 149.6
60.6 149.7
60.5 149.8
60.5 149.9
60.5 150.0
60.6 150.1
60.7 150.2
60.8 150.3
60.8 150.4
60.8 150.5
60.8 150.6
60.9 150.7
61.0 150.8
60.9 150.9
60.8 151.0
60.7 151.1
60.7 151.2
60.7 151.3
60.7 151.4
60.7 151.5
60.6 151.6
60.5 151.7
60.6 151.8
60.6 151.9
60.5 152.0
60.5 152.1
60.5 152.2
60.6 152.3
60.7 152.3
60.8 152.4
60.8 152.5
60.8 152.6
60.9 152.7
60.8 152.8
60.9 152.9
60.9 153.0
60.8 153.1
60.8 153.2
60.7 153.3
60.8 153.4
60.9 153.5
60.9 153.6
60.9 153.7
61.0 153.8
61.0 153.9
61.0 154.0
60.9 154.1
61.0 154.2
61.0 154.3
61.1 154.4
61.0 154.5
60.9 154.6
60.9 154.7
60.9 154.8
61.0 154.9
61.1 155.0
61.1 155.1
61.2 155.2
61.3 155.1
61.4 155.2
61.5 155.3
61.6 155.4
61.7 155.5
61.8 155.5
61.9 155.5
62.0 155.5
62.1 155.5
62.2 155.4
62.3 155.3
62.4 155.3
62.5 155.3
62.6 155.4
62.7 155.5
62.7 155.6
62.6 155.7
62.6 155.8
62.5 155.9
62.4 156.0
62.3 156.1
62.2 156.2
62.1 156.3
62.0 156.4
62.0 156.5
62.0 156.6
62.0 156.7
62.1 156.8
62.1 156.9
62.2 157.0
62.3 157.1
62.3 157.2
62.3 157.3
62.3 157.4
62.4 157.5
62.5 157.5
62.6 157.6
62.7 157.5
62.8 157.6
62.9 157.6
63.0 157.6
63.1 157.6
63.2 157.7
63.3 157.8
63.3 157.9
63.4 158.0
63.4 158.1
63.4 158.2
63.4 158.3
63.4 158.4
63.5 158.5
63.4 158.6
63.3 158.6
63.2 158.7
63.2 158.8
63.3 158.9
63.3 159.0
63.2 159.1
63.3 159.2
63.3 159.3
63.3 159.4
63.2 159.5
63.2 159.6
63.3 159.7
63.4 159.8
63.3 159.9
63.2 160.0
63.2 160.1
63.3 160.2
63.4 160.3
63.4 160.4
63.3 160.5
63.2 160.6
63.3 160.7
63.4 160.8
63.5 160.9
63.5 161.0
63.5 161.1
63.6 161.2
63.5 161.3
63.5 161.4
63.5 161.5
63.5 161.6
63.5 161.7
63.4 161.8
63.4 161.9
63.3 162.0
63.4 162.1
63.3 162.2
63.3 162.3
63.3 162.4
63.3 162.5
63.3 162.6
63.3 162.7
63.4 162.8
63.5 162.9
63.6 163.0
63.7 162.9
63.8 162.8
63.9 162.9
64.0 162.9
64.1 162.8
64.2 162.9
64.3 163.0
64.4 163.1
64.5 163.2
64.6 163.2
64.7 163.3
64.8 163.2
64.8 163.1
64.8 163.0
64.9 162.9
64.9 162.8
65.0 162.7
65.1 162.7
65.2 162.8
65.2 162.9
65.2 163.0
65.2 163.1
65.2 163.2
65.2 163.3
65.3 163.4
65.3 163.5
65.3 163.6
65.4 163.7
65.5 163.8
65.5 163.9
65.5 164.0
65.5 164.1
65.6 164.2
65.7 164.3
65.7 164.4
65.7 164.5
65.7 164.6
65.7 164.7
65.6 164.8
65.6 164.9
65.6 165.0
65.6 165.1
65.7 165.2
65.7 165.3
65.7 165.4
65.6 165.5
65.7 165.6
65.8 165.7
65.8 165.8
65.9 165.9
65.9 166.0
65.9 166.1
66.0 166.2
66.1 166.2
66.2 166.3
66.2 166.4
66.1 166.5
66.2 166.6
66.3 166.7
66.2 166.8
66.2 166.9
66.1 167.0
66.2 167.1
66.3 167.2
66.3 167.3
66.3 167.4
66.4 167.5
66.4 167.6
66.5 167.7
66.6 167.7
66.7 167.7
66.8 167.8
66.8 167.9
66.9 168.0
66.9 168.1
66.9 168.2
66.8 168.3
66.8 168.4
66.8 168.5
66.8 168.6
66.8 168.7
66.8 168.8
66.8 168.9
66.8 169.0
66.8 169.1
66.8 169.2
66.8 169.3
66.8 169.4
66.8 169.5
66.9 169.6
66.9 169.7
66.9 169.8
66.9 169.9
66.9 170.0
66.9 170.1
66.9 170.2
67.0 170.3
67.0 170.4
67.0 170.5
67.0 170.6
67.1 170.7
67.1 170.8
67.1 170.9
67.1 171.0
67.2 171.1
67.3 171.2
67.3 171.3
67.4 171.4
67.4 171.5
67.4 171.6
67.4 171.7
67.5 171.8
67.4 171.9
67.4 172.0
67.3 172.1
67.3 172.2
67.4 172.3
67.5 172.4
67.6 172.5
67.7 172.6
67.8 172.7
67.9 172.7
68.0 172.8
67.9 172.9
67.8 173.0
67.7 173.1
67.8 173.2
67.9 173.2
68.0 173.3
68.1 173.4
68.1 173.5
68.2 173.6
68.3 173.7
68.3 173.8
68.3 173.9
68.3 174.0
68.2 174.1
68.3 174.2
68.2 174.3
68.1 174.4
68.2 174.5
68.2 174.6
68.1 174.7
68.1 174.8
68.0 174.9
68.0 175.0
68.0 175.1
68.0 175.2
68.0 175.3
67.9 175.4
67.9 175.5
67.9 175.6
67.9 175.7
67.9 175.8
68.0 175.9
67.9 176.0
67.9 176.1
67.9 176.2
67.9 176.3
67.9 176.4
67.9 176.5
68.0 176.6
68.0 176.7
67.9 176.8
67.9 176.9
67.8 177.0
67.8 177.1
67.8 177.2
67.8 177.3
67.7 177.4
67.6 177.5
67.5 177.5
67.4 177.4
67.3 177.5
67.2 177.6
67.1 177.7
67.1 177.8
67.0 177.9
66.9 177.9
66.8 177.8
66.8 177.7
66.8 177.6
66.7 177.5
66.6 177.6
66.5 177.7
66.5 177.8
66.6 177.9
66.6 178.0
66.5 178.1
66.5 178.2
66.5 178.3
66.4 178.4
66.4 178.5
66.5 178.6
66.6 178.7
66.5 178.8
66.6 178.9
66.6 179.0
66.5 179.1
66.5 179.2
66.5 179.3
66.5 179.4
66.5 179.5
66.5 179.6
66.5 179.7
66.5 179.8
66.6 179.9
66.5 180.0
66.5 -180.0
66.4 -179.9
66.4 -179.8
66.5 -179.7
66.5 -179.6
66.5 -179.5
66.6 -179.4
66.6 -179.3
66.7 -179.2
66.7 -179.1
66.6 -179.0
66.6 -178.9
66.7 -178.8
66.7 -178.7
66.7 -178.6
66.7 -178.5
66.8 -178.4
66.8 -178.3
66.8 -178.2
66.7 -178.1
66.8 -178.0
66.8 -177.9
66.8 -177.8
66.7 -177.7
66.6 -177.6
66.6 -177.5
66.6 -177.4
66.6 -177.3
66.6 -177.2
66.7 -177.1
66.7 -177.0
66.7 -176.9
66.7 -176.8
66.7 -176.7
66.6 -176.6
66.6 -176.5
66.5 -176.4
66.5 -176.3
66.5 -176.2
66.5 -176.1
66.5 -176.0
66.4 -175.9
66.3 -175.8
66.3 -175.7
66.2 -175.6
66.1 -175.5
66.1 -175.4
66.0 -175.3
65.9 -175.2
65.8 -175.1
65.7 -175.0
65.6 -174.9
65.6 -174.8
65.5 -174.7
65.4 -174.6
65.3 -174.5
65.3 -174.4
65.2 -174.3
65.2 -174.2
65.2 -174.1
65.2 -174.0
65.1 -173.9
65.0 -173.8
64.9 -173.7
64.8 -173.6
64.8 -173.5
64.9 -173.4
65.0 -173.3
65.1 -173.2
65.2 -173.3
65.3 -173.3
65.4 -173.4
65.5 -173.5
65.6 -173.5
65.7 -173.6
65.8 -173.5
65.8 -173.4
65.9 -173.3
66.0 -173.2
66.1 -173.1
66.2 -173.0
66.3 -172.9
66.4 -172.8
66.4 -172.7
66.4 -172.6
66.3 -172.5
66.3 -172.4
66.2 -172.3
66.1 -172.3
66.0 -172.2
65.9 -172.1
65.9 -172.0
65.9 -171.9
65.9 -171.8
66.0 -171.7
66.0 -171.6
66.0 -171.5
66.0 -171.4
66.0 -171.3
66.0 -171.2
66.0 -171.1
65.9 -171.0
65.9 -170.9
65.9 -170.8
65.9 -170.7
65.9 -170.6
66.0 -170.5
66.0 -170.4
66.0 -170.3
66.1 -170.2
66.1 -170.1
66.1 -170.0
66.1 -169.9
66.1 -169.8
66.1 -169.7
66.0 -169.6
65.9 -169.5
65.8 -169.4
65.8 -169.3
65.8 -169.2
65.8 -169.1
65.8 -169.0
65.8 -168.9
65.7 -168.8
65.6 -168.7
65.6 -168.6
65.6 -168.5
65.6 -168.4
65.6 -168.3
65.6 -168.2
65.6 -168.1
65.6 -168.0
65.6 -167.9
65.6 -167.8
65.6 -167.7
65.6 -167.6
65.5 -167.5
65.5 -167.4
65.5 -167.3
65.5 -167.2
65.5 -167.1
65.5 -167.0
65.6 -166.9
65.6 -166.8
65.5 -166.7
65.6 -166.6
65.6 -166.5
65.6 -166.4
65.6 -166.3
65.7 -166.2
65.7 -166.1
65.7 -166.0
65.8 -165.9
65.8 -165.8
65.8 -165.7
65.8 -165.6
65.7 -165.5
65.7 -165.4
65.7 -165.3
65.7 -165.2
65.6 -165.1
65.5 -165.0
65.5 -164.9
65.5 -164.8
65.6 -164.7
65.7 -164.6
65.8 -164.5
65.7 -164.4
65.7 -164.3
65.8 -164.2
65.7 -164.1
65.7 -164.0
65.7 -163.9
65.7 -163.8
65.7 -163.7
65.7 -163.6
65.6 -163.5
65.5 -163.4
65.4 -163.3
65.4 -163.2
65.3 -163.1
65.4 -163.0
65.5 -162.9
65.5 -162.8
65.5 -162.7
65.5 -162.6
65.5 -162.5
65.5 -162.4
65.6 -162.3
65.5 -162.2
65.5 -162.1
65.5 -162.0
65.5 -161.9
65.4 -161.8
65.4 -161.7
65.3 -161.6
65.3 -161.5
65.4 -161.4
65.5 -161.3
65.5 -161.2
65.6 -161.1
65.5 -161.0
65.4 -160.9
65.5 -160.8
65.4 -160.7
65.5 -160.6
65.4 -160.5
65.4 -160.4
65.4 -160.3
65.4 -160.2
65.4 -160.1
65.4 -160.0
65.4 -159.9
65.3 -159.8
65.4 -159.7
65.3 -159.6
65.3 -159.5
65.2 -159.4
65.1 -159.3
65.2 -159.2
65.2 -159.1
65.3 -159.0
65.4 -158.9
65.5 -158.8
65.6 -158.8
65.7 -158.8
65.8 -158.8
65.9 -158.7
66.0 -158.8
66.1 -158.7
66.1 -158.6
66.1 -158.5
66.1 -158.4
66.2 -158.3
66.2 -158.2
66.2 -158.1
66.2 -158.0
66.2 -157.9
66.3 -157.8
66.3 -157.7
66.3 -157.6
66.3 -157.5
66.3 -157.4
66.3 -157.3
66.3 -157.2
66.3 -157.1
66.2 -157.0
66.2 -156.9
66.2 -156.8
66.3 -156.7
66.4 -156.6
66.5 -156.5
66.6 -156.4
66.6 -156.3
66.6 -156.2
66.6 -156.1
66.7 -156.0
66.7 -155.9
66.7 -155.8
66.7 -155.7
66.7 -155.6
66.7 -155.5
66.6 -155.4
66.7 -155.3
66.6 -155.2
66.7 -155.1
66.7 -155.0
66.8 -154.9
66.9 -154.8
67.0 -154.9
67.1 -155.0
67.1 -155.1
67.2 -155.2
67.3 -155.3
67.4 -155.2
67.5 -155.1
67.6 -155.0
67.7 -155.1
67.8 -155.0
67.8 -154.9
67.8 -154.8
67.8 -154.7
67.8 -154.6
67.8 -154.5
67.9 -154.4
68.0 -154.3
68.0 -154.2
68.0 -154.1
67.9 -154.0
68.0 -153.9
68.1 -153.8
68.2 -153.7
68.2 -153.6
68.1 -153.5
68.1 -153.4
68.0 -153.3
68.0 -153.2
67.9 -153.1
68.0 -153.0
68.1 -153.0
68.2 -152.9
68.1 -152.8
68.1 -152.7
68.2 -152.6
68.2 -152.5
68.1 -152.4
68.2 -152.3
68.2 -152.2
68.2 -152.1
68.2 -152.0
68.1 -151.9
68.0 -151.8
68.0 -151.7
68.1 -151.6
68.0 -151.5
68.0 -151.4
68.0 -151.3
68.0 -151.2
68.1 -151.1
68.2 -151.0
68.2 -150.9
68.2 -150.8
68.1 -150.7
68.2 -150.6
68.1 -150.5
68.0 -150.4
68.0 -150.3
68.0 -150.2
68.1 -150.1
68.1 -150.0
68.2 -149.9
68.3 -149.8
68.3 -149.7
68.3 -149.6
68.2 -149.5
68.1 -149.4
68.2 -149.3
68.3 -149.2
68.3 -149.1
68.3 -149.0
68.2 -148.9
68.2 -148.8
68.3 -148.7
68.3 -148.6
68.3 -148.5
68.3 -148.4
68.4 -148.3
68.3 -148.2
68.4 -148.1
68.4 -148.0
68.3 -147.9
68.4 -147.8
68.4 -147.7
68.4 -147.6
68.5 -147.5
68.6 -147.4
68.6 -147.3
68.6 -147.2
68.6 -147.1
68.5 -147.0
68.6 -146.9
68.6 -146.8
68.6 -146.7
68.6 -146.6
68.6 -146.5
68.6 -146.4
68.6 -146.3
68.6 -146.2
68.6 -146.1
68.6 -146.0
68.6 -145.9
68.7 -145.8
68.7 -145.7
68.7 -145.6
68.8 -145.5
68.9 -145.4
68.9 -145.3
68.9 -145.2
68.9 -145.1
69.0 -145.0
68.9 -144.9
68.9 -144.8
68.9 -144.7
68.9 -144.6
68.9 -144.5
69.0 -144.4
69.0 -144.3
69.0 -144.2
69.0 -144.1
69.0 -144.0
68.9 -143.9
68.8 -143.8
68.8 -143.7
68.7 -143.6
68.7 -143.5
68.8 -143.4
68.8 -143.3
68.8 -143.2
68.8 -143.1
68.8 -143.0
68.8 -142.9
68.8 -142.8
68.8 -142.7
68.9 -142.6
68.9 -142.5
68.8 -142.4
68.9 -142.3
68.9 -142.2
68.9 -142.1
68.9 -142.0
68.9 -141.9
68.9 -141.8
68.9 -141.7
69.0 -141.6
69.1 -141.5
69.0 -141.4
69.1 -141.3
69.2 -141.2
69.2 -141.1
69.2 -141.0
69.2 -140.9
69.2 -140.8
69.2 -140.7
69.2 -140.6
69.2 -140.5
69.1 -140.4
69.0 -140.3
69.0 -140.2
69.0 -140.1
69.0 -140.0
68.9 -139.9
68.8 -139.8
68.7 -139.7
68.7 -139.6
68.7 -139.5
68.6 -139.4
68.5 -139.4
68.4 -139.3
68.4 -139.2
68.5 -139.1
68.5 -139.0
68.5 -138.9
68.5 -138.8
68.5 -138.7
68.5 -138.6
68.5 -138.5
68.5 -138.4
68.5 -138.3
68.5 -138.2
68.4 -138.1
68.3 -138.0
68.2 -137.9
68.1 -137.8
68.1 -137.7
68.1 -137.6
68.2 -137.5
68.2 -137.4
68.1 -137.3
68.2 -137.2
68.2 -137.1
68.2 -137.0
68.1 -136.9
68.1 -136.8
68.0 -136.7
67.9 -136.6
67.8 -136.5
67.7 -136.4
67.6 -136.4
67.5 -136.3
67.4 -136.2
67.3 -136.3
67.2 -136.2
67.1 -136.2
67.0 -136.2
66.9 -136.1
66.8 -136.1
66.7 -136.1
66.6 -136.1
66.5 -136.0
66.4 -136.1
66.3 -136.2
66.2 -136.3
66.2 -136.4
66.1 -136.5
66.0 -136.6
66.1 -136.7
66.2 -136.8
66.2 -136.9
66.2 -137.0
66.3 -137.1
66.3 -137.2
66.2 -137.3
66.1 -137.3
66.0 -137.4
65.9 -137.5
65.9 -137.6
65.9 -137.7
65.8 -137.8
65.7 -137.9
65.6 -137.8
65.5 -137.7
65.5 -137.6
65.4 -137.5
65.3 -137.4
65.2 -137.4
65.1 -137.5
65.0 -137.6
65.0 -137.7
65.0 -137.8
64.9 -137.9
64.8 -138.0
64.7 -138.1
64.6 -138.1
64.5 -138.0
64.5 -137.9
64.4 -137.8
64.5 -137.7
64.4 -137.6
64.3 -137.5
64.4 -137.4
64.3 -137.3
64.4 -137.2
64.3 -137.1
64.3 -137.0
64.2 -136.9
64.2 -136.8
64.2 -136.7
64.3 -136.6
64.2 -136.5
64.2 -136.4
64.3 -136.3
64.3 -136.2
64.3 -136.1
64.4 -136.0
64.5 -136.1
64.6 -136.1
64.7 -136.0
64.7 -135.9
64.7 -135.8
64.7 -135.7
64.6 -135.6
64.6 -135.5
64.6 -135.4
64.6 -135.3
64.6 -135.2
64.5 -135.1
64.5 -135.0
64.5 -134.9
64.6 -134.8
64.5 -134.7
64.4 -134.6
64.5 -134.5
64.6 -134.4
64.7 -134.3
64.7 -134.2
64.6 -134.1
64.5 -134.0
64.5 -133.9
64.6 -133.8
64.5 -133.7
64.5 -133.6
64.4 -133.5
64.4 -133.4
64.4 -133.3
64.3 -133.2
64.4 -133.1
64.5 -133.0
64.5 -132.9
64.6 -132.8
64.7 -132.8
64.8 -132.9
64.9 -132.8
64.9 -132.7
64.9 -132.6
64.9 -132.5
64.8 -132.4
64.8 -132.3
64.7 -132.2
64.7 -132.1
64.6 -132.0
64.7 -131.9
64.8 -131.8
64.7 -131.7
64.6 -131.6
64.6 -131.5
64.5 -131.4
64.4 -131.3
64.4 -131.2
64.3 -131.1
64.4 -131.0
64.5 -130.9
64.4 -130.8
64.4 -130.7
64.3 -130.6
64.2 -130.5
64.2 -130.4
64.1 -130.3
64.0 -130.2
63.9 -130.1
63.8 -130.0
63.7 -129.9
63.6 -129.8
63.5 -129.7
63.4 -129.6
63.5 -129.5
63.6 -129.4
63.7 -129.3
63.7 -129.2
63.7 -129.1
63.7 -129.0
63.6 -128.9
63.6 -128.8
63.6 -128.7
63.7 -128.6
63.6 -128.5
63.5 -128.4
63.4 -128.4
63.3 -128.4
63.2 -128.4
63.1 -128.5
63.0 -128.6
62.9 -128.5
62.8 -128.4
62.7 -128.4
62.6 -128.3
62.5 -128.3
62.4 -128.2
62.4 -128.1
62.3 -128.0
62.2 -127.9
62.1 -128.0
62.0 -128.1
62.0 -128.2
61.9 -128.3
62.0 -128.4
61.9 -128.5
62.0 -128.6
62.0 -128.7
61.9 -128.8
61.9 -128.9
61.9 -129.0
62.0 -129.1
62.1 -129.2
62.2 -129.3
62.2 -129.4
62.2 -129.5
62.2 -129.6
62.2 -129.7
62.1 -129.8
62.0 -129.9
61.9 -130.0
61.8 -130.0
61.7 -130.1
61.7 -130.2
61.7 -130.3
61.6 -130.4
61.5 -130.4
61.4 -130.5
61.3 -130.6
61.4 -130.7
61.4 -130.8
61.4 -130.9
61.4 -131.0
61.4 -131.1
61.4 -131.2
61.4 -131.3
61.5 -131.4
61.4 -131.5
61.3 -131.6
61.2 -131.5
61.1 -131.5
61.0 -131.5
60.9 -131.6
60.8 -131.6
60.7 -131.6
60.6 -131.5
60.5 -131.4
60.4 -131.3
60.5 -131.2
60.6 -131.1
60.6 -131.0
60.5 -130.9
60.4 -130.9
60.3 -130.8
60.2 -130.7
60.1 -130.8
60.0 -130.7
59.9 -130.6
59.8 -130.7
59.7 -130.6
59.6 -130.5
59.6 -130.4
59.6 -130.3
59.5 -130.2
59.4 -130.2
59.3 -130.2
59.2 -130.1
59.1 -130.0
59.0 -129.9
58.9 -129.8
59.0 -129.7
58.9 -129.6
58.9 -129.5
58.9 -129.4
58.8 -129.3
58.7 -129.3
58.6 -129.3
58.5 -129.2
58.5 -129.1
58.6 -129.0
58.7 -128.9
58.8 -128.8
58.8 -128.7
58.9 -128.6
58.9 -128.5
58.8 -128.4
58.8 -128.3
58.7 -128.2
58.6 -128.2
58.5 -128.2
58.4 -128.1
58.4 -128.0
58.5 -127.9
58.4 -127.8
58.4 -127.7
58.3 -127.6
58.2 -127.7
58.1 -127.6
58.1 -127.5
58.1 -127.4
58.1 -127.3
58.0 -127.2
57.9 -127.1
58.0 -127.0
57.9 -126.9
57.8 -126.8
57.7 -126.9
57.6 -126.9
57.5 -127.0
57.5 -127.1
57.6 -127.2
57.6 -127.3
57.6 -127.4
57.5 -127.5
57.4 -127.5
57.3 -127.5
57.2 -127.5
57.1 -127.5
57.0 -127.5
56.9 -127.5
56.8 -127.4
56.7 -127.3
56.7 -127.2
56.7 -127.1
56.8 -127.0
56.7 -126.9
56.7 -126.8
56.7 -126.7
56.8 -126.6
56.7 -126.5
56.6 -126.4
56.7 -126.3
56.7 -126.2
56.6 -126.1
56.5 -126.2
56.4 -126.1
56.3 -126.0
56.2 -126.0
56.1 -126.0
56.0 -126.1
55.9 -126.2
55.8 -126.1
55.8 -126.0
55.8 -125.9
55.7 -125.8
55.6 -125.7
55.7 -125.6
55.6 -125.5
55.7 -125.4
55.7 -125.3
55.7 -125.2
55.6 -125.1
55.6 -125.0
55.6 -124.9
55.6 -124.8
55.6 -124.7
55.6 -124.6
55.6 -124.5
55.7 -124.4
55.8 -124.3
55.7 -124.2
55.6 -124.1
55.5 -124.0
55.5 -123.9
55.5 -123.8
55.5 -123.7
55.6 -123.6
55.7 -123.5
55.8 -123.4
55.8 -123.3
55.7 -123.2
55.7 -123.1
55.8 -123.0
55.7 -122.9
55.7 -122.8
55.7 -122.7
55.6 -122.6
55.6 -122.5
55.5 -122.4
55.4 -122.3
55.3 -122.2
55.2 -122.3
55.1 -122.2
55.1 -122.1
55.0 -122.0
54.9 -121.9
54.9 -121.8
54.9 -121.7
54.8 -121.6
54.7 -121.5
54.6 -121.4
54.5 -121.3
54.4 -121.2
54.5 -121.1
54.5 -121.0
54.5 -120.9
54.6 -120.8
54.5 -120.7
54.4 -120.7
54.3 -120.7
54.2 -120.6
54.2 -120.5
54.1 -120.4
54.0 -120.3
54.1 -120.2
54.0 -120.1
53.9 -120.0
53.8 -120.0
53.7 -119.9
53.6 -119.8
53.5 -119.8
53.4 -119.7
53.4 -119.6
53.5 -119.5
53.4 -119.4
53.4 -119.3
53.3 -119.2
53.3 -119.1
53.2 -119.0
53.3 -118.9
53.2 -118.8
53.1 -118.8
53.0 -118.7
52.9 -118.6
52.8 -118.5
52.8 -118.4
52.7 -118.3
52.6 -118.3
52.5 -118.2
52.4 -118.1
52.4 -118.0
52.3 -117.9
52.2 -117.8
52.2 -117.7
52.1 -117.6
52.1 -117.5
52.2 -117.4
52.1 -117.3
52.0 -117.2
51.9 -117.1
51.8 -117.0
51.7 -116.9
51.7 -116.8
51.8 -116.7
51.7 -116.6
51.6 -116.5
51.5 -116.4
51.4 -116.3
51.3 -116.2
51.3 -116.1
51.2 -116.0
51.1 -115.9
51.1 -115.8
51.0 -115.7
50.9 -115.6
50.8 -115.5
50.7 -115.4
50.7 -115.3
50.6 -115.2
50.5 -115.1
50.6 -115.0
50.6 -114.9
50.6 -114.8
50.5 -114.7
50.4 -114.8
50.3 -114.8
50.2 -114.8
50.1 -114.7
50.0 -114.7
49.9 -114.7
49.8 -114.7
49.7 -114.6
49.6 -114.6
49.5 -114.6
49.4 -114.6
49.3 -114.5
49.2 -114.4
49.2 -114.3
49.2 -114.2
49.1 -114.1
49.0 -114.0
48.9 -113.9
48.9 -113.8
48.8 -113.7
48.7 -113.6
48.6 -113.5
48.5 -113.4
48.4 -113.4
48.3 -113.3
48.2 -113.2
48.2 -113.1
48.1 -113.0
48.0 -112.9
47.9 -113.0
47.8 -113.1
47.7 -113.1
47.6 -113.0
47.5 -113.0
47.4 -112.9
47.3 -112.8
47.2 -112.7
47.2 -112.6
47.1 -112.5
47.0 -112.4
46.9 -112.5
46.8 -112.5
46.7 -112.4
46.6 -112.3
46.5 -112.3
46.4 -112.4
46.3 -112.5
46.2 -112.5
46.1 -112.5
46.0 -112.4
45.9 -112.4
45.8 -112.5
45.8 -112.6
45.8 -112.7
45.9 -112.8
45.9 -112.9
45.9 -113.0
45.8 -113.1
45.7 -113.2
45.6 -113.2
45.5 -113.2
45.4 -113.2
45.3 -113.2
45.2 -113.3
45.1 -113.3
45.0 -113.4
44.9 -113.4
44.8 -113.3
44.7 -113.2
44.6 -113.1
44.5 -113.0
44.4 -112.9
44.4 -112.8
44.5 -112.7
44.5 -112.6
44.5 -112.5
44.4 -112.4
44.4 -112.3
44.5 -112.2
44.5 -112.1
44.5 -112.0
44.6 -111.9
44.5 -111.8
44.6 -111.7
44.6 -111.6
44.6 -111.5
44.7 -111.4
44.7 -111.3
44.6 -111.2
44.5 -111.1
44.4 -111.0
44.4 -110.9
44.3 -110.8
44.4 -110.7
44.5 -110.7
44.6 -110.6
44.7 -110.6
44.8 -110.5
44.7 -110.4
44.7 -110.3
44.7 -110.2
44.6 -110.1
44.5 -110.1
44.4 -110.1
44.3 -110.0
44.2 -109.9
44.1 -109.8
44.0 -109.9
43.9 -109.9
43.8 -110.0
43.7 -110.1
43.6 -110.0
43.5 -109.9
43.4 -109.8
43.3 -109.7
43.2 -109.6
43.1 -109.5
43.0 -109.4
42.9 -109.3
42.8 -109.2
42.7 -109.1
42.6 -109.0
42.5 -108.9
42.4 -108.9
42.3 -108.8
42.2 -108.9
42.1 -108.9
42.0 -109.0
41.9 -109.0
41.8 -108.9
41.8 -108.8
41.8 -108.7
41.7 -108.6
41.6 -108.6
41.5 -108.5
41.5 -108.4
41.5 -108.3
41.5 -108.2
41.5 -108.1
41.6 -108.0
41.7 -107.9
41.7 -107.8
41.6 -107.7
41.5 -107.6
41.4 -107.5
41.5 -107.4
41.4 -107.3
41.3 -107.2
41.2 -107.1
41.1 -107.0
41.0 -106.9
40.9 -106.8
40.8 -106.7
40.7 -106.7
40.6 -106.7
40.5 -106.7
40.4 -106.6
40.4 -106.5
40.4 -106.4
40.4 -106.3
40.3 -106.2
40.2 -106.1
40.3 -106.0
40.4 -105.9
40.5 -105.9
40.4 -105.8
40.3 -105.7
40.2 -105.7
40.1 -105.6
40.0 -105.7
39.9 -105.7
39.8 -105.8
39.7 -105.9
39.6 -105.8
39.5 -105.9
39.4 -106.0
39.4 -106.1
39.3 -106.2
39.4 -106.3
39.3 -106.4
39.2 -106.5
39.1 -106.6
39.0 -106.5
39.0 -106.4
38.9 -106.3
38.8 -106.4
38.7 -106.4
38.6 -106.3
38.5 -106.3
38.4 -106.3
38.3 -106.4
38.3 -106.5
38.2 -106.6
38.1 -106.7
38.0 -106.8
38.0 -106.9
38.0 -107.0
37.9 -107.1
38.0 -107.2
37.9 -107.3
37.8 -107.4
37.8 -107.5
37.7 -107.4
37.7 -107.3
37.6 -107.2
37.6 -107.1
37.6 -107.0
37.6 -106.9
37.5 -106.8
37.4 -106.7
37.3 -106.6
37.2 -106.6
37.1 -106.5
37.0 -106.4
36.9 -106.4
36.8 -106.4
36.7 -106.3
36.6 -106.4
36.5 -106.5
36.4 -106.6
36.3 -106.7
36.2 -106.8
36.1 -106.9
36.2 -107.0
36.1 -107.1
36.2 -107.2
36.1 -107.3
36.0 -107.4
35.9 -107.5
35.8 -107.6
35.7 -107.7
35.6 -107.8
35.5 -107.9
35.5 -108.0
35.6 -108.1
35.5 -108.2
35.5 -108.3
35.4 -108.4
35.3 -108.4
35.2 -108.3
35.1 -108.2
35.0 -108.1
34.9 -108.2
34.8 -108.3
34.7 -108.3
34.6 -108.4
34.5 -108.3
34.4 -108.2
34.3 -108.1
34.2 -108.2
34.1 -108.3
34.0 -108.4
33.9 -108.4
33.8 -108.5
33.7 -108.5
33.6 -108.5
33.5 -108.4
33.6 -108.3
33.7 -108.2
33.7 -108.1
33.7 -108.0
33.7 -107.9
33.6 -107.8
33.5 -107.8
33.4 -107.9
33.3 -107.9
33.2 -107.9
33.1 -107.9
33.0 -108.0
32.9 -108.1
32.9 -108.2
32.9 -108.3
32.8 -108.4
32.7 -108.5
32.6 -108.4
32.5 -108.5
32.4 -108.4
32.3 -108.3
32.2 -108.3
32.1 -108.2
32.0 -108.2
31.9 -108.1
31.8 -108.2
31.8 -108.3
31.7 -108.4
31.6 -108.4
31.5 -108.4
31.4 -108.4
31.3 -108.5
31.4 -108.6
31.3 -108.7
31.2 -108.8
31.1 -108.8
31.0 -108.9
30.9 -108.9
30.8 -108.9
30.7 -108.9
30.6 -108.8
30.6 -108.7
30.5 -108.6
30.4 -108.6
30.3 -108.5
30.2 -108.4
30.1 -108.4
30.0 -108.3
29.9 -108.2
29.8 -108.2
29.7 -108.1
29.6 -108.0
29.5 -108.1
29.4 -108.1
29.3 -108.0
29.2 -107.9
29.2 -107.8
29.1 -107.7
29.0 -107.7
28.9 -107.7
28.8 -107.6
28.8 -107.5
28.7 -107.4
28.7 -107.3
28.6 -107.2
28.5 -107.1
28.4 -107.1
28.3 -107.2
28.2 -107.2
28.1 -107.3
28.0 -107.4
27.9 -107.3
27.8 -107.4
27.7 -107.4
27.6 -107.5
27.5 -107.4
27.5 -107.3
27.4 -107.2
27.4 -107.1
27.3 -107.0
27.2 -107.0
27.1 -107.1
27.0 -107.2
26.9 -107.1
26.9 -107.0
26.9 -106.9
26.8 -106.8
26.7 -106.7
26.6 -106.6
26.5 -106.5
26.4 -106.4
26.3 -106.4
26.2 -106.3
26.1 -106.3
26.0 -106.3
25.9 -106.2
25.8 -106.2
25.7 -106.2
25.6 -106.3
25.5 -106.2
25.4 -106.1
25.3 -106.0
25.2 -105.9
25.1 -105.8
25.0 -105.7
24.9 -105.6
24.8 -105.5
24.7 -105.5
24.6 -105.5
24.5 -105.4
24.4 -105.3
24.3 -105.3
24.2 -105.3
24.1 -105.2
24.2 -105.1
24.3 -105.0
24.4 -105.0
24.5 -105.1
24.6 -105.1
24.7 -105.1
24.8 -105.2
24.9 -105.2
25.0 -105.2
25.1 -105.1
25.1 -105.0
25.0 -104.9
24.9 -104.8
24.8 -104.7
24.7 -104.7
24.6 -104.6
24.5 -104.5
24.5 -104.4
24.6 -104.3
24.6 -104.2
24.5 -104.1
24.4 -104.0
24.3 -103.9
24.2 -103.9
24.1 -103.8
24.0 -103.7
23.9 -103.6
23.8 -103.5
23.7 -103.6
23.6 -103.5
23.5 -103.5
23.4 -103.6
23.3 -103.6
23.2 -103.5
23.1 -103.4
23.0 -103.3
22.9 -103.2
23.0 -103.1
23.0 -103.0
22.9 -102.9
22.8 -102.8
22.7 -102.8
22.6 -102.7
22.7 -102.6
22.6 -102.5
22.6 -102.4
22.7 -102.3
22.6 -102.2
22.5 -102.1
22.5 -102.0
22.4 -101.9
22.3 -101.8
22.4 -101.7
22.3 -101.6
22.2 -101.5
22.1 -101.5
22.0 -101.5
21.9 -101.5
21.8 -101.6
21.7 -101.5
21.6 -101.5
21.5 -101.4
21.4 -101.3
21.3 -101.2
21.4 -101.1
21.5 -101.0
21.6 -100.9
21.5 -100.8
21.5 -100.7
21.5 -100.6
21.4 -100.5
21.3 -100.4
21.2 -100.4
21.1 -100.3
21.0 -100.3
20.9 -100.2
20.9 -100.1
20.8 -100.0
20.7 -99.9
20.6 -99.8
20.5 -99.8
20.4 -99.8
20.3 -99.8
20.2 -99.7
20.1 -99.7
20.0 -99.8
19.9 -99.8
19.8 -99.7
19.7 -99.6
19.6 -99.5
19.5 -99.5
19.4 -99.4
19.3 -99.3
19.2 -99.3
19.1 -99.2
19.1 -99.1
19.1 -99.0
19.1 -98.9
19.2 -98.8
19.3 -98.7
19.4 -98.7
19.5 -98.7
19.6 -98.7
19.7 -98.6
19.8 -98.5
19.9 -98.4
19.8 -98.3
19.7 -98.2
19.7 -98.1
19.6 -98.0
19.5 -97.9
19.5 -97.8
19.6 -97.7
19.7 -97.6
19.7 -97.5
19.6 -97.4
19.5 -97.3
19.4 -97.2
19.3 -97.3
19.2 -97.3
19.1 -97.3
19.0 -97.3
18.9 -97.3
18.8 -97.4
18.7 -97.5
18.7 -97.6
18.6 -97.7
18.5 -97.7
18.4 -97.6
18.3 -97.6
18.2 -97.5
18.1 -97.6
18.0 -97.6
17.9 -97.5
17.8 -97.5
17.7 -97.4
17.6 -97.3
17.5 -97.2
17.4 -97.2
17.3 -97.1
17.3 -97.0
17.4 -96.9
17.3 -96.8
17.3 -96.7
17.2 -96.6
17.1 -96.5
17.1 -96.4
17.1 -96.3
17.0 -96.2
17.0 -96.1
17.0 -96.0
16.9 -95.9
16.9 -95.8
16.9 -95.7
16.8 -95.6
16.7 -95.5
16.8 -95.4
16.8 -95.3
16.8 -95.2
16.7 -95.1
16.7 -95.0
16.7 -94.9
16.8 -94.8
16.8 -94.7
16.8 -94.6
16.8 -94.5
16.8 -94.4
16.7 -94.3
16.6 -94.2
16.6 -94.1
16.5 -94.0
16.4 -93.9
16.5 -93.8
16.4 -93.7
16.3 -93.7
16.2 -93.6
16.1 -93.6
16.0 -93.5
16.0 -93.4
15.9 -93.3
15.9 -93.2
15.9 -93.1
15.8 -93.0
15.7 -92.9
15.7 -92.8
15.6 -92.7
15.5 -92.6
15.5 -92.5
15.5 -92.4
15.4 -92.3
15.3 -92.2
15.2 -92.1
15.2 -92.0
15.1 -91.9
15.0 -91.8
15.0 -91.7
15.0 -91.6
15.0 -91.5
14.9 -91.4
14.9 -91.3
14.9 -91.2
14.8 -91.1
14.7 -91.0
14.6 -90.9
14.6 -90.8
14.5 -90.7
14.6 -90.6
14.5 -90.5
14.5 -90.4
14.6 -90.3
14.5 -90.2
14.5 -90.1
14.6 -90.0
14.7 -89.9
14.6 -89.8
14.5 -89.7
14.6 -89.6
14.6 -89.5
14.5 -89.4
14.5 -89.3
14.6 -89.2
14.5 -89.1
14.4 -89.0
14.4 -88.9
14.4 -88.8
14.5 -88.7
14.4 -88.6
14.4 -88.5
14.5 -88.4
14.4 -88.3
14.3 -88.2
14.2 -88.2
14.1 -88.1
14.1 -88.0
14.2 -87.9
14.3 -87.8
14.2 -87.7
14.1 -87.6
14.1 -87.5
14.1 -87.4
14.0 -87.3
13.9 -87.2
14.0 -87.1
13.9 -87.0
13.8 -87.0
13.7 -86.9
13.6 -86.8
13.5 -86.8
13.4 -86.9
13.4 -86.8
13.4 -86.7
13.3 -86.6
13.3 -86.5
13.2 -86.4
13.1 -86.4
13.0 -86.3
12.9 -86.4
12.8 -86.5
12.7 -86.6
12.6 -86.7
12.5 -86.7
12.4 -86.7
12.3 -86.6
12.2 -86.5
12.1 -86.4
12.0 -86.3
11.9 -86.3
11.8 -86.2
11.7 -86.2
11.6 -86.1
11.5 -86.0
11.4 -85.9
11.3 -85.8
11.2 -85.7
11.1 -85.6
11.0 -85.5
10.9 -85.4
10.8 -85.3
10.7 -85.2
10.7 -85.1
10.6 -85.0
10.5 -84.9
10.4 -84.8
10.3 -84.7
10.2 -84.6
10.1 -84.5
10.2 -84.4
10.2 -84.3
10.2 -84.2
10.1 -84.1
10.0 -84.0
9.9 -83.9
9.8 -84.0
9.7 -83.9
9.6 -83.8
9.6 -83.7
9.6 -83.6
9.5 -83.5
9.4 -83.4
9.4 -83.3
9.3 -83.2
9.2 -83.1
9.2 -83.0
9.1 -82.9
9.0 -82.8
8.9 -82.7
8.9 -82.6
8.8 -82.5
8.8 -82.4
8.8 -82.3
8.7 -82.2
8.7 -82.1
8.6 -82.0
8.6 -81.9
8.6 -81.8
8.6 -81.7
8.6 -81.6
8.6 -81.5
8.6 -81.4
8.5 -81.3
8.5 -81.2
8.6 -81.1
8.6 -81.0
8.6 -80.9
8.6 -80.8
8.6 -80.7
8.7 -80.6
8.7 -80.5
8.7 -80.4
8.6 -80.3
8.6 -80.2
8.7 -80.1
8.8 -80.1
8.9 -80.0
9.0 -80.1
9.1 -80.1
9.2 -80.0
9.3 -80.0
9.4 -79.9
9.3 -79.8
9.4 -79.7
9.4 -79.6
9.3 -79.5
9.2 -79.4
9.3 -79.3
9.3 -79.2
9.3 -79.1
9.3 -79.0
9.3 -78.9
9.4 -78.8
9.4 -78.7
9.3 -78.6
9.3 -78.5
9.2 -78.4
9.2 -78.3
9.2 -78.2
9.1 -78.1
9.1 -78.0
9.0 -77.9
8.9 -77.8
8.8 -77.8
8.7 -77.7
8.6 -77.6
8.5 -77.5
8.4 -77.4
8.3 -77.3
8.2 -77.3
8.1 -77.3
8.0 -77.3
7.9 -77.3
7.8 -77.4
7.7 -77.5
7.6 -77.5
7.5 -77.6
7.4 -77.6
7.3 -77.7
7.2 -77.6
7.1 -77.5
7.0 -77.4
6.9 -77.4
6.8 -77.4
6.7 -77.3
6.6 -77.3
6.5 -77.2
6.4 -77.3
6.3 -77.3
6.2 -77.2
6.1 -77.2
6.0 -77.2
5.9 -77.2
5.8 -77.2
5.7 -77.1
5.7 -77.0
5.6 -76.9
5.5 -76.9
5.4 -76.9
5.3 -76.8
5.3 -76.7
5.3 -76.6
5.2 -76.5
5.1 -76.4
5.0 -76.3
5.0 -76.2
5.1 -76.1
5.2 -76.0
5.2 -75.9
5.3 -75.8
5.4 -75.8
5.5 -75.9
5.6 -76.0
5.7 -76.1
5.8 -76.1
5.9 -76.2
6.0 -76.2
6.1 -76.2
6.2 -76.1
6.3 -76.0
6.4 -76.1
6.5 -76.1
6.6 -76.0
6.7 -76.0
6.8 -76.0
6.9 -75.9
6.8 -75.8
6.7 -75.7
6.6 -75.6
6.5 -75.6
6.4 -75.6
6.3 -75.7
6.2 -75.7
6.1 -75.6
6.1 -75.5
6.0 -75.4
5.9 -75.3
5.8 -75.3
5.7 -75.3
5.6 -75.3
5.5 -75.4
5.4 -75.3
5.3 -75.3
5.2 -75.3
5.1 -75.3
5.0 -75.3
4.9 -75.3
4.8 -75.4
4.7 -75.4
4.6 -75.4
4.5 -75.5
4.4 -75.6
4.3 -75.6
4.2 -75.6
4.1 -75.7
4.0 -75.7
3.9 -75.8
3.8 -75.9
3.7 -75.9
3.6 -76.0
3.5 -76.0
3.4 -76.0
3.3 -76.0
3.2 -76.0
3.1 -76.0
3.0 -76.1
2.9 -76.2
2.8 -76.2
2.7 -76.2
2.6 -76.2
2.5 -76.3
2.4 -76.3
2.3 -76.4
2.2 -76.4
2.1 -76.5
2.0 -76.6
1.9 -76.6
1.8 -76.7
1.7 -76.8
1.6 -76.8
1.5 -76.8
1.4 -76.9
1.3 -77.0
1.2 -77.1
1.2 -77.2
1.1 -77.3
1.0 -77.3
0.9 -77.4
0.8 -77.5
0.7 -77.6
0.6 -77.6
0.5 -77.7
0.4 -77.7
0.3 -77.8
0.2 -77.9
0.1 -78.0
0.0 -78.0
-0.1 -78.0
-0.2 -78.1
-0.3 -78.2
-0.4 -78.3
-0.5 -78.2
-0.6 -78.3
-0.7 -78.4
-0.6 -78.5
-0.6 -78.6
-0.7 -78.7
-0.8 -78.8
-0.9 -78.8
-1.0 -78.9
-1.1 -78.8
-1.2 -78.8
-1.3 -78.9
-1.4 -78.8
-1.5 -78.8
-1.6 -78.9
-1.7 -78.9
-1.8 -78.9
-1.9 -78.8
-2.0 -78.8
-2.1 -78.7
-2.2 -78.7
-2.3 -78.7
-2.4 -78.8
-2.5 -78.9
-2.6 -79.0
-2.7 -79.1
-2.7 -79.2
-2.8 -79.3
-2.9 -79.3
-3.0 -79.3
-3.1 -79.2
-3.2 -79.1
-3.3 -79.1
-3.4 -79.1
-3.5 -79.1
-3.6 -79.1
-3.7 -79.2
-3.8 -79.3
-3.9 -79.3
-4.0 -79.2
-4.1 -79.1
-4.2 -79.1
-4.3 -79.1
-4.4 -79.1
-4.5 -79.2
-4.6 -79.3
-4.7 -79.4
-4.8 -79.4
-4.9 -79.4
-5.0 -79.5
-5.1 -79.4
-5.2 -79.3
-5.3 -79.4
-5.4 -79.3
-5.5 -79.3
-5.6 -79.2
-5.7 -79.2
-5.8 -79.3
-5.9 -79.4
-6.0 -79.4
-6.1 -79.3
-6.2 -79.3
-6.3 -79.2
-6.4 -79.1
-6.4 -79.0
-6.4 -78.9
-6.4 -78.8
-6.5 -78.7
-6.6 -78.6
-6.7 -78.7
-6.8 -78.7
-6.9 -78.6
-7.0 -78.5
-6.9 -78.4
-7.0 -78.3
-7.1 -78.2
-7.2 -78.3
-7.3 -78.4
-7.4 -78.4
-7.5 -78.3
-7.6 -78.4
-7.7 -78.3
-7.8 -78.3
-7.9 -78.3
-8.0 -78.2
-7.9 -78.1
-8.0 -78.0
-8.1 -77.9
-8.2 -77.8
-8.3 -77.8
-8.4 -77.9
-8.5 -77.8
-8.6 -77.7
-8.7 -77.8
-8.8 -77.7
-8.9 -77.7
-9.0 -77.7
-9.1 -77.6
-9.2 -77.5
-9.3 -77.4
-9.4 -77.4
-9.5 -77.4
-9.6 -77.4
-9.7 -77.3
-9.8 -77.3
-9.9 -77.2
-9.8 -77.1
-9.7 -77.0
-9.8 -76.9
-9.9 -76.9
-10.0 -77.0
-10.1 -77.0
-10.2 -76.9
-10.3 -76.9
-10.4 -76.9
-10.5 -76.8
-10.6 -76.7
-10.7 -76.6
-10.7 -76.5
-10.6 -76.4
-10.6 -76.3
-10.7 -76.2
-10.7 -76.1
-10.8 -76.0
-10.9 -75.9
-11.0 -75.9
-11.1 -76.0
-11.2 -76.1
-11.3 -76.2
-11.3 -76.3
-11.4 -76.4
-11.5 -76.3
-11.6 -76.3
-11.7 -76.3
-11.8 -76.2
-11.9 -76.1
-12.0 -76.0
-12.1 -76.0
-12.2 -75.9
-12.1 -75.8
-12.1 -75.7
-12.2 -75.6
-12.3 -75.6
-12.4 -75.6
-12.5 -75.6
-12.6 -75.6
-12.7 -75.5
-12.8 -75.4
-12.9 -75.3
-12.9 -75.2
-13.0 -75.1
-13.1 -75.1
-13.2 -75.2
-13.3 -75.2
-13.4 -75.1
-13.5 -75.0
-13.6 -75.0
-13.7 -74.9
-13.8 -74.8
-13.9 -74.7
-14.0 -74.7
-14.1 -74.6
-14.2 -74.6
-14.3 -74.5
-14.4 -74.4
-14.4 -74.3
-14.4 -74.2
-14.4 -74.1
-14.5 -74.0
-14.5 -73.9
-14.6 -73.8
-14.6 -73.7
-14.5 -73.6
-14.5 -73.5
-14.6 -73.4
-14.7 -73.3
-14.7 -73.2
-14.6 -73.1
-14.7 -73.0
-14.8 -72.9
-14.8 -72.8
-14.7 -72.7
-14.8 -72.6
-14.7 -72.5
-14.8 -72.4
-14.9 -72.3
-15.0 -72.2
-15.0 -72.1
-15.1 -72.0
-15.2 -72.0
-15.3 -71.9
-15.4 -71.9
-15.5 -71.8
-15.4 -71.7
-15.3 -71.6
-15.2 -71.6
-15.1 -71.5
-15.1 -71.4
-15.1 -71.3
-15.2 -71.2
-15.3 -71.1
-15.3 -71.0
-15.4 -70.9
-15.5 -70.9
-15.6 -70.8
-15.7 -70.9
-15.8 -70.9
-15.9 -70.9
-16.0 -70.8
-15.9 -70.7
-15.8 -70.6
-15.9 -70.5
-16.0 -70.4
-16.1 -70.3
-16.2 -70.3
-16.3 -70.4
-16.4 -70.4
-16.5 -70.3
-16.6 -70.2
-16.7 -70.1
-16.8 -70.2
-16.9 -70.2
-17.0 -70.1
-17.1 -70.1
-17.2 -70.0
-17.3 -69.9
-17.4 -69.8
-17.5 -69.8
-17.6 -69.7
-17.7 -69.6
-17.8 -69.5
-17.9 -69.4
-18.0 -69.4
-18.1 -69.3
-18.2 -69.2
-18.3 -69.3
-18.4 -69.4
-18.5 -69.4
-18.6 -69.3
-18.7 -69.3
-18.8 -69.2
-18.9 -69.1
-19.0 -69.0
-19.1 -69.0
-19.2 -69.0
-19.3 -69.0
-19.4 -68.9
-19.5 -68.9
-19.6 -68.9
-19.7 -68.8
-19.8 -68.7
-19.9 -68.7
-20.0 -68.7
-20.1 -68.7
-20.2 -68.7
-20.3 -68.7
-20.4 -68.8
-20.5 -68.7
-20.6 -68.8
-20.7 -68.8
-20.8 -68.8
-20.9 -68.7
-21.0 -68.7
-21.1 -68.7
-21.2 -68.6
-21.3 -68.5
-21.4 -68.5
-21.5 -68.5
-21.6 -68.4
-21.7 -68.4
-21.8 -68.3
-21.8 -68.2
-21.9 -68.1
-21.8 -68.0
-21.7 -67.9
-21.8 -67.8
-21.9 -67.7
-22.0 -67.8
-22.1 -67.7
-22.2 -67.6
-22.3 -67.6
-22.4 -67.7
-22.5 -67.8
-22.6 -67.8
-22.7 -67.7
-22.8 -67.6
-22.9 -67.6
-23.0 -67.7
-23.1 -67.7
-23.2 -67.7
-23.3 -67.6
-23.3 -67.5
-23.3 -67.4
-23.4 -67.3
-23.5 -67.3
-23.6 -67.4
-23.7 -67.5
-23.8 -67.5
-23.9 -67.4
-24.0 -67.5
-24.0 -67.6
-24.1 -67.7
-24.1 -67.8
-24.1 -67.9
-24.2 -68.0
-24.3 -68.1
-24.4 -68.0
-24.5 -68.1
-24.6 -68.1
-24.7 -68.2
-24.6 -68.3
-24.5 -68.4
-24.6 -68.5
-24.7 -68.5
-24.8 -68.5
-24.9 -68.5
-25.0 -68.4
-25.1 -68.4
-25.2 -68.5
-25.3 -68.5
-25.4 -68.5
-25.5 -68.6
-25.6 -68.5
-25.7 -68.5
-25.8 -68.4
-25.9 -68.4
-26.0 -68.5
-26.1 -68.4
-26.2 -68.3
-26.3 -68.2
-26.4 -68.3
-26.4 -68.4
-26.5 -68.5
-26.6 -68.4
-26.7 -68.4
-26.8 -68.3
-26.9 -68.3
-27.0 -68.3
-27.1 -68.4
-27.1 -68.5
-27.2 -68.6
-27.1 -68.7
-27.2 -68.8
-27.3 -68.8
-27.4 -68.9
-27.5 -69.0
-27.6 -69.0
-27.7 -68.9
-27.8 -68.8
-27.9 -68.9
-28.0 -69.0
-27.9 -69.1
-28.0 -69.2
-28.1 -69.3
-28.2 -69.4
-28.2 -69.5
-28.3 -69.6
-28.4 -69.6
-28.5 -69.7
-28.6 -69.7
-28.7 -69.7
-28.8 -69.7
-28.9 -69.7
-29.0 -69.8
-29.1 -69.8
-29.2 -69.8
-29.3 -69.8
-29.4 -69.8
-29.5 -69.8
-29.6 -69.9
-29.7 -69.9
-29.8 -69.9
-29.9 -69.9
-30.0 -69.9
-30.1 -69.9
-30.2 -69.8
-30.3 -69.9
-30.4 -70.0
-30.5 -70.1
-30.6 -70.0
-30.7 -70.0
-30.8 -70.1
-30.8 -70.2
-30.9 -70.3
-31.0 -70.2
-31.1 -70.2
-31.2 -70.2
-31.3 -70.2
-31.4 -70.3
-31.5 -70.4
-31.6 -70.4
-31.7 -70.4
-31.8 -70.4
-31.9 -70.3
-31.9 -70.2
-32.0 -70.1
-32.1 -70.2
-32.2 -70.3
-32.3 -70.3
-32.4 -70.2
-32.5 -70.1
-32.6 -70.0
-32.7 -70.0
-32.8 -70.0
-32.9 -70.0
-33.0 -70.0
-33.1 -70.1
-33.2 -70.0
-33.3 -69.9
-33.4 -69.8
-33.5 -69.8
-33.6 -69.9
-33.7 -69.9
-33.8 -69.9
-33.9 -69.9
-34.0 -69.8
-34.1 -69.8
-34.2 -69.8
-34.3 -69.9
-34.4 -70.0
-34.5 -70.1
-34.6 -70.2
-34.7 -70.3
-34.8 -70.3
-34.9 -70.3
-35.0 -70.3
-35.1 -70.4
-35.2 -70.5
-35.3 -70.5
-35.4 -70.4
-35.5 -70.4
-35.6 -70.4
-35.7 -70.4
-35.8 -70.3
-35.9 -70.4
-36.0 -70.4
-36.1 -70.4
-36.2 -70.5
-36.2 -70.6
-36.3 -70.7
-36.4 -70.8
-36.5 -70.9
-36.6 -71.0
-36.7 -70.9
-36.8 -71.0
-36.9 -71.1
-37.0 -71.2
-37.1 -71.1
-37.2 -71.0
-37.3 -71.0
-37.4 -71.0
-37.5 -71.1
-37.6 -71.0
-37.7 -70.9
-37.8 -70.9
-37.9 -70.9
-38.0 -71.0
-38.1 -71.0
-38.2 -71.0
-38.3 -70.9
-38.4 -71.0
-38.5 -70.9
-38.6 -70.9
-38.7 -70.9
-38.8 -71.0
-38.8 -71.1
-38.8 -71.2
-38.8 -71.3
-38.9 -71.4
-39.0 -71.3
-39.1 -71.4
-39.2 -71.3
-39.3 -71.2
-39.4 -71.2
-39.5 -71.3
-39.5 -71.4
-39.6 -71.5
-39.7 -71.5
-39.8 -71.4
-39.9 -71.5
-40.0 -71.4
-40.1 -71.5
-40.1 -71.6
-40.2 -71.7
-40.3 -71.7
-40.4 -71.8
-40.5 -71.9
-40.6 -71.9
-40.7 -71.9
-40.8 -71.9
-40.9 -71.8
-41.0 -71.8
-41.1 -71.8
-41.2 -71.9
-41.3 -71.9
-41.4 -72.0
-41.5 -72.1
-41.6 -72.1
-41.7 -72.2
-41.8 -72.2
-41.9 -72.2
-42.0 -72.2
-42.1 -72.1
-42.2 -72.1
-42.3 -72.1
-42.4 -72.0
-42.5 -72.0
-42.6 -72.1
-42.7 -72.1
-42.8 -72.1
-42.9 -72.0
-43.0 -72.0
-43.1 -71.9
-43.1 -71.8
-43.2 -71.7
-43.3 -71.7
-43.4 -71.8
-43.5 -71.9
-43.6 -71.9
-43.7 -72.0
-43.8 -72.0
-43.9 -71.9
-43.8 -71.8
-43.9 -71.7
-43.8 -71.6
-43.9 -71.5
-44.0 -71.4
-44.1 -71.3
-44.0 -71.2
-44.1 -71.1
-44.2 -71.0
-44.3 -70.9
-44.4 -71.0
-44.5 -71.1
-44.6 -71.2
-44.7 -71.2
-44.8 -71.3
-44.8 -71.4
-44.7 -71.5
-44.8 -71.6
-44.8 -71.7
-44.9 -71.8
-45.0 -71.7
-45.0 -71.6
-45.0 -71.5
-45.1 -71.4
-45.2 -71.5
-45.3 -71.6
-45.4 -71.7
-45.4 -71.8
-45.4 -71.9
-45.3 -72.0
-45.4 -72.1
-45.4 -72.2
-45.5 -72.3
-45.6 -72.3
-45.7 -72.4
-45.8 -72.3
-45.9 -72.2
-46.0 -72.3
-46.0 -72.4
-46.0 -72.5
-45.9 -72.6
-46.0 -72.7
-45.9 -72.8
-45.9 -72.9
-46.0 -73.0
-46.1 -73.1
-46.2 -73.1
-46.3 -73.0
-46.4 -73.0
-46.5 -72.9
-46.6 -73.0
-46.6 -73.1
-46.7 -73.2
-46.6 -73.3
-46.7 -73.4
-46.8 -73.4
-46.9 -73.5
-47.0 -73.5
-47.1 -73.5
-47.2 -73.5
-47.3 -73.4
-47.3 -73.3
-47.4 -73.2
-47.5 -73.1
-47.6 -73.0
-47.7 -72.9
-47.6 -72.8
-47.7 -72.7
-47.8 -72.6
-47.9 -72.7
-48.0 -72.7
-48.1 -72.6
-48.2 -72.7
-48.3 -72.8
-48.4 -72.8
-48.5 -72.9
-48.5 -73.0
-48.5 -73.1
-48.5 -73.2
-48.5 -73.3
-48.6 -73.4
-48.7 -73.5
-48.8 -73.5
-48.9 -73.5
-49.0 -73.5
34.5 85.6
34.4 85.7
34.3 85.8
34.4 85.9
34.4 86.0
34.5 86.1
34.5 86.2
34.4 86.3
34.3 86.3
34.2 86.4
34.2 86.5
34.2 86.6
34.2 86.7
34.2 86.8
34.2 86.9
34.2 87.0
34.2 87.1
34.2 87.2
34.1 87.3
34.1 87.4
34.0 87.5
33.9 87.4
33.8 87.5
33.8 87.6
33.8 87.7
33.8 87.8
33.8 87.9
33.7 88.0
33.6 88.0
33.5 88.1
33.5 88.2
33.6 88.3
33.7 88.3
33.8 88.4
33.9 88.5
34.0 88.6
34.0 88.7
34.0 88.8
34.0 88.9
34.0 89.0
33.9 89.1
33.9 89.2
33.9 89.3
33.8 89.4
33.9 89.5
34.0 89.5
34.1 89.5
34.2 89.6
34.3 89.6
34.4 89.7
34.5 89.8
34.4 89.9
34.4 90.0
34.4 90.1
34.3 90.2
34.2 90.3
34.1 90.4
34.1 90.5
34.1 90.6
34.0 90.7
33.9 90.7
33.8 90.7
33.7 90.7
33.6 90.8
33.5 90.9
33.4 91.0
33.4 91.1
33.3 91.2
33.3 91.3
33.3 91.4
33.4 91.5
33.3 91.6
33.2 91.7
33.1 91.6
33.0 91.7
32.9 91.8
32.9 91.9
32.8 92.0
32.9 92.1
32.8 92.2
32.7 92.3
32.8 92.4
32.7 92.5
32.7 92.6
32.8 92.7
32.8 92.8
32.7 92.9
32.6 93.0
32.6 93.1
32.6 93.2
32.5 93.3
32.5 93.4
32.5 93.5
32.5 93.6
32.6 93.7
32.5 93.8
32.5 93.9
32.5 94.0
32.5 94.1
32.4 94.2
32.4 94.3
32.4 94.4
32.3 94.5
32.2 94.6
32.1 94.7
32.2 94.8
32.1 94.9
32.1 95.0
32.0 95.1
32.0 95.2
32.1 95.3
32.0 95.4
31.9 95.4
31.8 95.5
31.8 95.6
31.8 95.7
31.7 95.8
31.7 95.9
31.6 96.0
31.5 95.9
31.4 96.0
31.3 96.1
31.3 96.2
31.2 96.3
31.1 96.4
31.0 96.5
30.9 96.6
30.8 96.5
30.7 96.6
30.6 96.7
30.5 96.8
30.4 96.9
30.4 97.0
30.5 97.1
30.6 97.2
30.5 97.3
30.5 97.4
30.4 97.5
30.3 97.6
30.2 97.6
30.1 97.7
30.0 97.8
29.9 97.8
29.8 97.9
29.7 98.0
29.6 98.1
29.5 98.1
29.4 98.1
29.3 98.2
29.3 98.3
29.2 98.4
29.1 98.5
29.0 98.5
28.9 98.5
28.8 98.6
28.7 98.6
28.6 98.6
28.5 98.6
28.4 98.7
28.3 98.7
28.2 98.7
28.1 98.8
28.0 98.8
27.9 98.8
27.8 98.9
27.7 98.9
27.6 98.9
27.5 98.9
27.4 98.9
27.3 99.0
27.2 99.0
27.1 99.0
27.0 99.0
26.9 99.0
26.8 99.0
26.7 99.0
26.6 99.0
26.5 99.0
26.4 99.0
26.3 99.0
26.2 99.0
26.1 99.0
26.0 99.0
25.9 99.0
25.8 99.1
25.7 99.1
25.6 99.2
25.5 99.1
25.4 99.2
25.3 99.3
25.2 99.4
25.1 99.5
25.0 99.6
24.9 99.6
24.8 99.7
24.7 99.8
24.7 99.9
24.6 100.0
24.5 100.0
24.4 100.0
24.3 100.1
24.2 100.2
24.1 100.2
24.0 100.2
23.9 100.2
23.8 100.2
23.7 100.1
23.6 100.1
23.5 100.0
23.4 99.9
23.3 99.8
23.2 99.7
23.1 99.7
23.0 99.7
22.9 99.7
22.8 99.7
22.7 99.7
22.6 99.6
22.5 99.5
22.4 99.5
22.3 99.4
22.2 99.5
22.1 99.4
22.0 99.3
21.9 99.3
21.8 99.3
21.7 99.3
21.6 99.4
21.5 99.5
21.4 99.5
21.3 99.4
21.2 99.5
21.1 99.5
21.0 99.4
20.9 99.4
20.8 99.3
20.7 99.3
20.6 99.4
20.5 99.4
20.4 99.4
20.3 99.3
20.2 99.2
20.1 99.1
20.0 99.0
19.9 99.0
19.8 98.9
19.8 98.8
19.7 98.7
19.7 98.6
19.6 98.5
19.5 98.6
19.4 98.6
19.3 98.6
19.2 98.6
19.1 98.6
19.0 98.5
19.0 98.4
19.1 98.3
19.0 98.2
18.9 98.1
18.8 98.1
18.7 98.1
18.6 98.2
18.5 98.2
18.4 98.1
18.3 98.1
18.2 98.2
18.1 98.3
18.0 98.3
17.9 98.3
17.8 98.2
17.7 98.3
17.6 98.3
17.5 98.3
17.4 98.3
17.3 98.4
17.2 98.5
17.1 98.6
17.0 98.7
16.9 98.8
16.8 98.9
16.7 99.0
16.6 99.0
16.5 99.0
16.4 98.9
16.3 99.0
16.2 99.0
16.1 99.0
16.0 99.1
15.9 99.1
15.8 99.1
15.7 99.0
15.6 99.0
15.5 98.9
15.4 98.8
15.3 98.7
15.4 98.6
15.5 98.5
15.4 98.4
15.3 98.3
15.2 98.2
15.1 98.2
15.0 98.2
14.9 98.3
14.8 98.3
14.7 98.4
14.6 98.4
14.5 98.5
14.4 98.6
14.3 98.7
14.2 98.8
14.1 98.7
14.0 98.7
13.9 98.8
13.8 98.9
13.7 98.9
13.6 99.0
13.6 99.1
13.5 99.2
13.4 99.2
13.3 99.3
13.2 99.2
13.1 99.1
13.0 99.2
12.9 99.2
12.8 99.2
12.7 99.3
12.6 99.4
12.5 99.4
12.4 99.4
12.3 99.5
12.2 99.6
12.1 99.5
12.0 99.6
11.9 99.5
11.8 99.4
11.7 99.5
11.6 99.5
11.5 99.4
11.4 99.3
11.3 99.3
11.2 99.3
11.1 99.2
11.0 99.1
11.0 99.0
10.9 98.9
10.8 98.9
10.7 98.9
10.6 99.0
10.5 98.9
10.4 98.9
10.3 98.9
10.2 98.9
10.1 98.9
10.0 98.8
9.9 98.7
9.8 98.7
9.7 98.8
9.6 98.8
9.5 98.7
9.4 98.6
9.3 98.5
9.2 98.5
9.1 98.5
9.0 98.5
8.9 98.5
8.8 98.6
8.7 98.7
8.6 98.8
8.5 98.9
8.4 98.9
8.3 99.0
8.2 99.1
8.2 99.2
8.1 99.3
8.0 99.4
8.1 99.5
8.1 99.6
8.2 99.7
8.1 99.8
8.0 99.8
7.9 99.8
7.8 99.8
7.7 99.8
7.6 99.8
7.5 99.8
7.4 99.9
7.3 99.9
7.2 100.0
7.1 100.0
7.0 100.1
6.9 100.2
6.8 100.3
6.8 100.4
6.7 100.5
6.6 100.6
6.5 100.7
6.4 100.8
6.3 100.9
6.2 101.0
6.1 101.1
6.0 101.1
5.9 101.1
5.8 101.2
5.8 101.3
5.8 101.4
5.9 101.5
5.8 101.6
5.7 101.6
5.6 101.5
5.5 101.5
5.4 101.6
5.3 101.5
5.2 101.5
5.1 101.5
5.0 101.4
4.9 101.5
4.8 101.4
4.7 101.3
4.6 101.4
4.6 101.5
4.6 101.6
4.6 101.7
4.7 101.8
4.6 101.9
4.7 102.0
4.8 102.1
4.7 102.2
4.6 102.3
4.7 102.4
4.7 102.5
4.8 102.6
4.7 102.7
4.6 102.8
4.5 102.8
4.4 102.8
4.3 102.9
4.2 102.8
4.1 102.7
4.0 102.8
3.9 102.7
3.8 102.7
3.7 102.8
3.6 102.9
3.5 102.8
3.4 102.8
3.3 102.7
3.2 102.8
3.1 102.7
3.0 102.7
2.9 102.8
2.8 102.8
2.7 102.9
2.6 103.0
2.5 103.1
2.4 103.2
2.3 103.3
2.2 103.4
2.1 103.5
2.0 103.6
2.0 103.7
1.9 103.8
1.8 103.8
1.7 103.7
1.6 103.6
1.5 103.6
1.4 103.6
1.3 103.7
1.2 103.8
1.1 103.9
1.0 103.9
0.9 103.8
0.8 103.8
0.7 103.7
0.6 103.7
0.5 103.6
0.4 103.5
0.3 103.4
0.2 103.3
0.1 103.3
0.0 103.2
-0.1 103.1
-0.2 103.0
-0.3 102.9
-0.4 102.8
-0.4 102.7
-0.4 102.6
-0.3 102.5
-0.3 102.4
-0.4 102.3
-0.4 102.2
-0.4 102.1
-0.4 102.0
-0.4 101.9
-0.3 101.8
-0.2 101.7
-0.3 101.6
-0.4 101.5
-0.5 101.4
-0.5 101.3
-0.6 101.2
-0.5 101.1
-0.5 101.0
-0.4 100.9
-0.3 100.8
-0.4 100.7
-0.4 100.6
-0.4 100.5
-0.5 100.4
-0.6 100.4
-0.7 100.5
-0.8 100.5
-0.9 100.6
-1.0 100.7
-1.1 100.8
-1.2 100.8
-1.3 100.8
-1.4 100.9
-1.5 100.9
-1.6 101.0
-1.7 101.1
-1.7 101.2
-1.7 101.3
-1.8 101.4
-1.9 101.4
-2.0 101.3
-2.1 101.3
-2.2 101.4
-2.3 101.5
-2.3 101.6
-2.4 101.7
-2.5 101.8
-2.6 101.8
-2.7 101.9
-2.7 102.0
-2.8 102.1
-2.9 102.2
-3.0 102.2
-3.1 102.3
-3.1 102.4
-3.2 102.5
-3.3 102.5
-3.4 102.6
-3.5 102.6
-3.6 102.7
-3.7 102.6
-3.8 102.6
-3.9 102.7
-4.0 102.8
-4.0 102.9
-4.0 103.0
-4.1 103.1
-4.2 103.2
-4.3 103.3
-4.3 103.4
-4.4 103.5
-4.5 103.6
-4.6 103.6
-4.7 103.7
-4.8 103.8
-4.9 103.8
-5.0 103.9
-5.0 104.0
-4.9 104.1
-4.9 104.2
-5.0 104.3
-5.1 104.4
-5.2 104.5
-5.3 104.6
-5.4 104.7
-5.5 104.8
-5.6 104.9
-5.6 105.0
-5.5 105.1
-5.5 105.2
-5.4 105.3
-5.3 105.4
-5.2 105.5
-5.3 105.6
-5.4 105.7
-5.5 105.7
-5.6 105.7
-5.7 105.7
-5.8 105.7
-5.9 105.8
-6.0 105.9
-6.1 106.0
-6.2 106.0
-6.3 106.0
-6.4 106.0
-6.5 106.1
-6.6 106.2
-6.7 106.3
-6.7 106.4
-6.8 106.5
-6.8 106.6
-6.7 106.7
-6.7 106.8
-6.8 106.9
-6.9 107.0
-7.0 107.1
-7.1 107.2
-7.1 107.3
-7.2 107.4
-7.2 107.5
-7.2 107.6
-7.3 107.7
-7.4 107.8
-7.3 107.9
-7.2 108.0
-7.2 108.1
-7.2 108.2
-7.1 108.3
-7.0 108.4
-7.1 108.5
-7.2 108.6
-7.2 108.7
-7.2 108.8
-7.3 108.9
-7.3 109.0
-7.3 109.1
-7.2 109.2
-7.2 109.3
-7.2 109.4
-7.2 109.5
-7.2 109.6
-7.2 109.7
-7.2 109.8
-7.2 109.9
-7.3 110.0
-7.4 110.1
-7.3 110.2
-7.3 110.3
-7.4 110.4
-7.5 110.4
-7.6 110.4
-7.7 110.5
-7.8 110.6
-7.9 110.7
-8.0 110.8
-8.1 110.9
-8.0 111.0
-8.0 111.1
-8.0 111.2
-8.0 111.3
-8.1 111.4
-8.1 111.5
-8.1 111.6
-8.0 111.7
-8.1 111.8
-8.2 111.9
-8.2 112.0
-8.2 112.1
-8.2 112.2
-8.1 112.3
-8.0 112.4
-7.9 112.5
-7.8 112.6
-7.9 112.7
-7.9 112.8
-8.0 112.9
-8.0 113.0
-8.0 113.1
-8.0 113.2
-8.0 113.3
-8.0 113.4
-8.0 113.5
-8.0 113.6
-8.0 113.7
-8.0 113.8
-8.1 113.9
-8.1 114.0
-8.1 114.1
-8.1 114.2
-8.1 114.3
-8.1 114.4
-8.2 114.5
-8.2 114.6
-8.2 114.7
-8.3 114.8
-8.3 114.9
-8.3 115.0
-8.3 115.1
-8.3 115.2
-8.2 115.3
-8.3 115.4
-8.4 115.4
-8.5 115.3
-8.6 115.4
-8.7 115.5
-8.8 115.6
-8.8 115.7
-8.8 115.8
-8.8 115.9
-8.8 116.0
-8.8 116.1
-8.8 116.2
-8.7 116.3
-8.6 116.3
-8.5 116.4
-8.4 116.5
-8.4 116.6
-8.5 116.7
-8.6 116.8
-8.6 116.9
-8.6 117.0
-8.6 117.1
-8.6 117.2
-8.7 117.3
-8.8 117.4
-8.8 117.5
-8.8 117.6
-8.8 117.7
-8.8 117.8
-8.9 117.9
-8.8 118.0
-8.7 118.1
-8.7 118.2
-8.7 118.3
-8.8 118.4
-8.7 118.5
-8.7 118.6
-8.7 118.7
-8.6 118.8
-8.6 118.9
-8.7 119.0
-8.7 119.1
-8.6 119.2
-8.5 119.3
-8.6 119.4
-8.6 119.5
-8.7 119.6
-8.7 119.7
-8.7 119.8
-8.7 119.9
-8.7 120.0
-8.6 120.1
-8.5 120.2
-8.4 120.3
-8.3 120.4
-8.2 120.4
-8.1 120.5
-8.0 120.6
-7.9 120.7
-7.8 120.8
-7.7 120.9
-7.6 121.0
-7.5 121.1
-7.4 121.1
-7.3 121.0
-7.3 120.9
-7.2 120.8
-7.1 120.7
-7.0 120.6
-6.9 120.5
-6.8 120.4
-6.7 120.4
-6.6 120.4
-6.5 120.5
-6.4 120.5
-6.3 120.5
-6.2 120.5
-6.1 120.5
-6.0 120.5
-5.9 120.5
-5.8 120.5
-5.7 120.5
-5.6 120.4
-5.5 120.3
-5.4 120.2
-5.3 120.1
-5.3 120.0
-5.2 119.9
-5.1 119.9
-5.0 119.8
-4.9 119.8
-4.8 119.8
-4.7 119.8
-4.6 119.8
-4.5 119.8
-4.4 119.8
-4.3 119.7
-4.2 119.7
-4.1 119.7
-4.0 119.7
-3.9 119.7
-3.8 119.8
-3.7 119.9
-3.6 120.0
-3.5 120.1
-3.4 120.0
-3.4 119.9
-3.3 119.8
-3.2 119.8
-3.1 119.7
-3.0 119.7
-2.9 119.7
-2.8 119.8
-2.7 119.9
-2.6 119.9
-2.5 120.0
-2.4 120.1
-2.3 120.2
-2.3 120.3
-2.2 120.4
-2.1 120.4
-2.0 120.3
-1.9 120.4
-1.8 120.4
-1.7 120.4
-1.6 120.5
-1.7 120.6
-1.8 120.7
-1.8 120.8
-1.7 120.9
-1.7 121.0
-1.6 121.1
-1.5 121.2
-1.5 121.3
-1.4 121.4
-1.4 121.5
-1.5 121.6
-1.5 121.7
-1.5 121.8
-1.6 121.9
-1.5 122.0
-1.4 122.0
-1.3 122.1
-1.2 122.2
-1.1 122.3
-1.0 122.4
-1.0 122.5
-0.9 122.6
-0.9 122.7
-0.8 122.8
-0.8 122.9
-0.7 123.0
-0.7 123.1
-0.8 123.2
-0.9 123.3
-1.0 123.3
-1.1 123.3
-1.2 123.2
-1.3 123.1
-1.4 123.2
-1.5 123.2
-1.6 123.2
-1.7 123.3
-1.8 123.3
-1.9 123.4
-2.0 123.5
-2.1 123.6
-2.1 123.7
-2.0 123.8
-2.0 123.9
-1.9 124.0
-1.8 124.1
-1.8 124.2
-1.9 124.3
-1.8 124.4
-1.8 124.5
-1.8 124.6
-1.8 124.7
-1.8 124.8
-1.8 124.9
-1.8 125.0
-1.8 125.1
-1.8 125.2
-1.9 125.3
-1.9 125.4
-1.9 125.5
-1.9 125.6
-1.9 125.7
-1.9 125.8
-1.9 125.9
-1.8 126.0
-1.8 126.1
-1.8 126.2
-1.7 126.3
-1.6 126.4
-1.5 126.5
-1.4 126.6
-1.3 126.7
-1.2 126.8
-1.1 126.9
-1.0 127.0
-0.9 127.1
-0.8 127.2
-0.7 127.3
-0.6 127.4
-0.5 127.4
-0.4 127.5
-0.4 127.6
-0.3 127.7
-0.2 127.7
-0.1 127.7
0.0 127.8
0.1 127.8
0.2 127.8
0.3 127.8
0.4 127.8
0.5 127.7
0.6 127.7
0.7 127.8
0.7 127.9
0.6 128.0
0.6 128.1
0.6 128.2
0.5 128.3
0.5 128.4
0.4 128.5
0.4 128.6
0.3 128.7
0.3 128.8
0.3 128.9
0.2 129.0
0.2 129.1
0.1 129.2
0.0 129.3
-0.1 129.4
-0.2 129.5
-0.2 129.6
-0.3 129.7
-0.4 129.8
-0.5 129.9
-0.6 130.0
-0.7 130.1
-0.7 130.2
-0.6 130.3
-0.5 130.4
-0.5 130.5
-0.6 130.6
-0.7 130.6
-0.8 130.6
-0.9 130.6
-1.0 130.7
-1.0 130.8
-1.1 130.9
-1.2 131.0
-1.3 131.1
-1.3 131.2
-1.2 131.3
-1.1 131.4
-1.0 131.5
-0.9 131.6
-0.9 131.7
-0.9 131.8
-0.9 131.9
-0.8 132.0
-0.7 132.1
-0.6 132.2
-0.6 132.3
-0.6 132.4
-0.6 132.5
-0.7 132.6
-0.7 132.7
-0.6 132.8
-0.6 132.9
-0.6 133.0
-0.7 133.1
-0.8 133.2
-0.9 133.2
-1.0 133.3
-1.1 133.4
-1.1 133.5
-1.2 133.6
-1.3 133.7
-1.3 133.8
-1.4 133.9
-1.5 133.9
-1.6 134.0
-1.7 134.0
-1.8 134.0
-1.9 134.0
-2.0 134.0
-2.1 134.1
-2.2 134.0
-2.3 134.1
-2.4 134.1
-2.5 134.1
-2.6 134.1
-2.7 134.2
-2.8 134.2
-2.9 134.1
-3.0 134.2
-3.1 134.2
-3.2 134.1
-3.3 134.1
-3.4 134.2
-3.4 134.3
-3.4 134.4
-3.4 134.5
-3.3 134.6
-3.3 134.7
-3.4 134.8
-3.4 134.9
-3.5 135.0
-3.6 135.1
-3.7 135.2
-3.8 135.2
-3.9 135.3
-4.0 135.4
-3.9 135.5
-3.9 135.6
-3.9 135.7
-3.9 135.8
-3.9 135.9
-4.0 136.0
-4.0 136.1
-4.0 136.2
-4.0 136.3
-4.0 136.4
-4.0 136.5
-3.9 136.6
-3.9 136.7
-4.0 136.8
-4.0 136.9
-4.0 137.0
-4.0 137.1
-4.1 137.2
-4.1 137.3
-4.1 137.4
-4.1 137.5
-4.1 137.6
-4.1 137.7
-4.0 137.8
-4.1 137.9
-4.1 138.0
-4.1 138.1
-4.1 138.2
-4.1 138.3
-4.1 138.4
-4.2 138.5
-4.2 138.6
-4.3 138.7
-4.3 138.8
-4.3 138.9
-4.4 139.0
-4.3 139.1
-4.3 139.2
-4.3 139.3
-4.3 139.4
-4.3 139.5
-4.4 139.6
-4.4 139.7
-4.5 139.8
-4.5 139.9
-4.6 140.0
-4.6 140.1
-4.6 140.2
-4.7 140.3
-4.7 140.4
-4.7 140.5
-4.7 140.6
-4.8 140.7
-4.8 140.8
-4.9 140.9
-4.9 141.0
-5.0 141.1
-5.0 141.2
-5.1 141.3
-5.2 141.4
-5.2 141.5
-5.3 141.6
-5.3 141.7
-5.2 141.8
-5.2 141.9
-5.2 142.0
-5.1 142.1
-5.0 142.2
-5.0 142.3
-5.0 142.4
-5.0 142.5
-5.0 142.6
-5.0 142.7
-5.0 142.8
-5.1 142.9
-5.1 143.0
-5.1 143.1
-5.1 143.2
-5.2 143.3
-5.3 143.4
-5.4 143.5
-5.5 143.6
-5.6 143.5
-5.6 143.4
-5.5 143.3
-5.6 143.2
-5.6 143.1
-5.5 143.0
-5.6 142.9
-5.7 142.8
-5.8 142.7
-5.8 142.6
-5.7 142.5
-5.6 142.4
-5.6 142.3
-5.7 142.2
-5.8 142.1
-5.9 142.0
-6.0 142.0
-6.1 142.0
-6.2 141.9
-6.3 141.8
-6.3 141.7
-6.3 141.6
-6.3 141.5
-6.4 141.4
-6.4 141.3
-6.5 141.2
-6.6 141.1
-6.7 141.2
-6.8 141.2
-6.9 141.3
-7.0 141.2
-7.1 141.1
-7.2 141.0
-7.3 140.9
-7.4 140.8
-7.5 140.9
-7.6 141.0
-7.6 141.1
-7.7 141.2
-7.8 141.3
-7.9 141.3
-8.0 141.4
-8.1 141.4
-8.2 141.4
-8.3 141.5
-8.3 141.6
-8.4 141.7
-8.5 141.8
-8.5 141.9
-8.5 142.0
-8.5 142.1
-8.6 142.2
-8.6 142.3
-8.7 142.4
-8.7 142.5
-8.8 142.6
-8.8 142.7
-8.8 142.8
-8.9 142.9
-9.0 142.8
-9.1 142.8
-9.2 142.7
-9.3 142.6
-9.4 142.5
-9.5 142.4
-9.6 142.3
-9.7 142.2
-9.8 142.2
-9.9 142.2
-10.0 142.2
-10.1 142.3
-10.2 142.3
-10.3 142.3
-10.4 142.4
-10.5 142.3
-10.6 142.3
-10.7 142.4
-10.8 142.5
-10.9 142.5
-11.0 142.4
-11.1 142.4
-11.2 142.5
-11.3 142.5
-11.4 142.6
-11.5 142.7
-11.6 142.7
-11.7 142.7
-11.8 142.6
-11.9 142.7
-12.0 142.7
-12.1 142.7
-12.2 142.6
-12.3 142.7
-12.4 142.8
-12.5 142.9
-12.6 143.0
-12.7 143.1
-12.8 143.2
-12.9 143.1
-13.0 143.1
-13.1 143.2
-13.2 143.3
-13.3 143.3
-13.4 143.3
-13.5 143.3
-13.6 143.3
-13.7 143.3
-13.8 143.3
-13.9 143.3
-14.0 143.2
-14.1 143.1
-14.2 143.2
-14.3 143.3
-14.4 143.3
-14.5 143.4
-14.6 143.3
-14.7 143.4
-14.8 143.3
-14.9 143.3
-15.0 143.3
-15.1 143.3
-15.2 143.4
-15.3 143.5
-15.4 143.6
-15.5 143.6
-15.6 143.6
-15.7 143.6
-15.8 143.7
-15.8 143.8
-15.9 143.9
-15.8 144.0
-15.8 144.1
-15.9 144.2
-16.0 144.3
-16.0 144.4
-16.0 144.5
-16.0 144.6
-16.1 144.7
-16.2 144.8
-16.2 144.9
-16.2 145.0
-16.3 145.1
-16.4 145.2
-16.5 145.2
-16.6 145.2
-16.7 145.1
-16.8 145.1
-16.9 145.2
-17.0 145.1
-17.1 145.0
-17.1 144.9
-17.1 144.8
-17.2 144.7
-17.3 144.8
-17.4 144.9
-17.5 145.0
-17.6 145.1
-17.7 145.0
-17.8 145.0
-17.9 144.9
-18.0 144.8
-18.1 144.8
-18.2 144.8
-18.3 144.7
-18.4 144.7
-18.5 144.7
-18.6 144.7
-18.7 144.6
-18.8 144.6
-18.9 144.7
-19.0 144.7
-19.1 144.7
-19.2 144.7
-19.3 144.6
-19.4 144.5
-19.5 144.4
-19.6 144.3
-19.7 144.2
-19.8 144.2
-19.9 144.3
-20.0 144.4
-20.0 144.5
-20.0 144.6
-20.0 144.7
-20.1 144.8
-20.2 144.9
-20.3 145.0
-20.4 145.0
-20.5 144.9
-20.6 145.0
-20.7 145.1
-20.8 145.2
-20.9 145.3
-21.0 145.4
-21.1 145.4
-21.2 145.4
-21.3 145.5
-21.3 145.6
-21.3 145.7
-21.3 145.8
-21.4 145.9
-21.4 146.0
-21.5 146.1
-21.6 146.1
-21.7 146.1
-21.8 146.0
-21.9 145.9
-21.9 145.8
-22.0 145.7
-22.1 145.7
-22.2 145.6
-22.3 145.6
-22.4 145.5
-22.5 145.6
-22.6 145.6
-22.7 145.6
-22.8 145.6
-22.9 145.7
-23.0 145.8
-23.0 145.9
-23.1 146.0
-23.2 146.1
-23.3 146.1
-23.4 146.2
-23.5 146.2
-23.6 146.2
-23.7 146.2
-23.8 146.1
-23.9 146.0
-24.0 146.0
-24.1 146.1
-24.1 146.2
-24.1 146.3
-24.2 146.4
-24.3 146.5
-24.4 146.6
-24.5 146.6
-24.6 146.7
-24.7 146.8
-24.8 146.9
-24.9 146.9
-25.0 147.0
-25.0 147.1
-25.0 147.2
-25.0 147.3
-25.1 147.4
-25.1 147.5
-25.0 147.6
-24.9 147.7
-24.8 147.8
-24.8 147.9
-24.9 148.0
-25.0 148.1
-25.1 148.2
-25.2 148.3
-25.3 148.4
-25.4 148.4
-25.5 148.3
-25.6 148.3
-25.7 148.3
-25.8 148.3
-25.9 148.3
-26.0 148.3
-26.1 148.4
-26.1 148.5
-26.2 148.6
-26.1 148.7
-26.2 148.8
-26.3 148.9
-26.3 149.0
-26.3 149.1
-26.4 149.2
-26.4 149.3
-26.4 149.4
-26.4 149.5
-26.4 149.6
-26.4 149.7
-26.5 149.8
-26.4 149.9
-26.5 150.0
-26.4 150.1
-26.3 150.2
-26.2 150.3
-26.3 150.4
-26.3 150.5
-26.3 150.6
-26.4 150.7
-26.3 150.8
-26.3 150.9
-26.3 151.0
-26.4 151.1
-26.5 151.2
-26.6 151.3
-26.7 151.4
-26.8 151.5
-26.9 151.6
-27.0 151.7
-27.1 151.8
-27.2 151.9
-27.3 152.0
-27.4 151.9
-27.5 151.9
-27.6 151.9
-27.7 151.9
-27.8 152.0
-27.9 152.1
-28.0 152.2
-28.1 152.3
-28.2 152.3
-28.3 152.2
-28.4 152.1
-28.5 152.0
-28.5 151.9
-28.6 151.8
-28.7 151.9
-28.8 152.0
-28.9 151.9
-29.0 151.8
-29.1 151.9
-29.1 152.0
-29.2 152.1
-29.3 152.1
-29.4 152.0
-29.5 152.0
-29.6 151.9
-29.7 151.9
-29.8 151.8
-29.9 151.7
-30.0 151.6
-30.1 151.6
-30.2 151.6
-30.3 151.6
-30.4 151.6
-30.5 151.6
-30.6 151.7
-30.7 151.8
-30.8 151.7
-30.9 151.8
-31.0 151.8
-31.1 151.7
-31.2 151.7
-31.3 151.6
-31.4 151.5
-31.4 151.4
-31.4 151.3
-31.5 151.2
-31.6 151.1
-31.6 151.0
-31.7 150.9
-31.7 150.8
-31.8 150.7
-31.8 150.6
-31.8 150.5
-31.8 150.4
-31.8 150.3
-31.9 150.2
-31.8 150.1
-31.8 150.0
-31.7 149.9
-31.7 149.8
-31.7 149.7
-31.8 149.6
-31.8 149.5
-31.8 149.4
-31.9 149.3
-32.0 149.2
-32.1 149.1
-32.2 149.1
-32.3 149.2
-32.4 149.3
-32.5 149.4
-32.6 149.5
-32.7 149.6
-32.8 149.6
-32.9 149.7
-33.0 149.8
-33.1 149.9
-33.2 149.8
-33.3 149.9
-33.4 150.0
-33.5 150.0
-33.6 150.0
-33.7 150.0
-33.8 150.0
-33.9 150.0
-34.0 149.9
-34.1 149.8
-34.2 149.8
-34.3 149.7
-34.4 149.6
-34.5 149.5
-34.6 149.4
-34.7 149.3
-34.8 149.2
-34.9 149.1
-35.0 149.1
-35.1 149.1
-35.2 149.2
-35.1 149.3
-35.1 149.4
-35.2 149.5
-35.3 149.5
-35.4 149.5
-35.5 149.5
-35.6 149.5
-35.7 149.5
-35.8 149.4
-35.7 149.3
-35.7 149.2
-35.8 149.1
-35.8 149.0
-35.7 148.9
-35.7 148.8
-35.7 148.7
-35.7 148.6
-35.8 148.5
-35.9 148.5
-36.0 148.5
-36.1 148.5
-36.2 148.5
-36.3 148.4
-36.4 148.3
-36.5 148.3
34.5 85.6
34.4 85.5
34.5 85.4
34.5 85.3
34.5 85.2
34.5 85.1
34.6 85.0
34.5 84.9
34.4 84.8
34.4 84.7
34.3 84.6
34.4 84.5
34.3 84.4
34.2 84.3
34.1 84.2
34.0 84.1
34.0 84.0
34.0 83.9
34.0 83.8
33.9 83.7
33.8 83.6
33.8 83.5
33.7 83.4
33.6 83.3
33.6 83.2
33.6 83.1
33.7 83.0
33.8 82.9
33.8 82.8
33.8 82.7
33.7 82.6
33.7 82.5
33.7 82.4
33.8 82.3
33.9 82.3
34.0 82.2
34.1 82.1
34.2 82.0
34.3 81.9
34.3 81.8
34.3 81.7
34.4 81.6
34.4 81.5
34.5 81.4
34.5 81.3
34.4 81.2
34.4 81.1
34.3 81.0
34.3 80.9
34.4 80.8
34.5 80.7
34.4 80.6
34.4 80.5
34.3 80.4
34.4 80.3
34.4 80.2
34.3 80.1
34.3 80.0
34.3 79.9
34.4 79.8
34.3 79.7
34.4 79.6
34.5 79.5
34.5 79.4
34.5 79.3
34.5 79.2
34.5 79.1
34.6 79.0
34.6 78.9
34.6 78.8
34.7 78.7
34.8 78.6
34.9 78.5
35.0 78.4
35.1 78.5
35.2 78.6
35.3 78.5
35.4 78.5
35.5 78.4
35.6 78.3
35.6 78.2
35.6 78.1
35.6 78.0
35.5 77.9
35.5 77.8
35.5 77.7
35.5 77.6
35.4 77.5
35.4 77.4
35.5 77.3
35.6 77.4
35.7 77.4
35.8 77.3
35.9 77.2
35.9 77.1
35.9 77.0
35.8 76.9
35.7 76.8
35.7 76.7
35.8 76.6
35.9 76.5
35.9 76.4
35.8 76.3
35.9 76.2
36.0 76.1
36.1 76.0
36.1 75.9
36.0 75.8
36.1 75.7
36.2 75.6
36.3 75.7
36.4 75.6
36.5 75.7
36.6 75.6
36.6 75.5
36.7 75.4
36.8 75.4
36.9 75.3
37.0 75.2
37.0 75.1
37.0 75.0
36.9 74.9
36.9 74.8
37.0 74.7
37.0 74.6
37.0 74.5
37.0 74.4
37.1 74.3
37.1 74.2
37.0 74.1
37.0 74.0
36.9 73.9
36.8 73.8
36.8 73.7
36.9 73.6
36.9 73.5
36.8 73.4
36.7 73.3
36.7 73.2
36.7 73.1
36.7 73.0
36.8 72.9
36.9 72.8
36.9 72.7
36.9 72.6
36.8 72.5
36.8 72.4
36.7 72.3
36.7 72.2
36.6 72.1
36.5 72.0
36.4 71.9
36.4 71.8
36.5 71.7
36.5 71.6
36.4 71.5
36.3 71.5
36.2 71.4
36.2 71.3
36.1 71.2
36.0 71.1
35.9 71.1
35.8 71.0
35.8 70.9
35.9 70.8
35.8 70.7
35.7 70.6
35.8 70.5
35.8 70.4
35.9 70.3
35.9 70.2
35.8 70.1
35.8 70.0
35.8 69.9
35.7 69.8
35.6 69.8
35.5 69.7
35.5 69.6
35.4 69.5
35.4 69.4
35.4 69.3
35.4 69.2
35.4 69.1
35.3 69.0
35.3 68.9
35.3 68.8
35.2 68.7
35.2 68.6
35.1 68.5
35.1 68.4
35.1 68.3
35.0 68.2
34.9 68.2
34.8 68.3
34.8 68.4
34.7 68.5
34.6 68.6
34.5 68.5
34.4 68.4
34.4 68.3
34.4 68.2
34.4 68.1
34.4 68.0
34.3 67.9
34.3 67.8
34.2 67.7
34.1 67.7
34.0 67.7
33.9 67.7
33.8 67.7
33.7 67.6
33.6 67.6
33.5 67.6
33.4 67.6
33.3 67.7
33.4 67.8
33.5 67.9
33.6 67.9
33.7 68.0
33.8 68.1
33.9 68.2
33.9 68.3
34.0 68.4
33.9 68.5
33.8 68.5
33.7 68.6
33.7 68.7
33.6 68.8
33.6 68.9
33.7 69.0
33.7 69.1
33.8 69.2
33.8 69.3
33.8 69.4
33.7 69.5
33.6 69.5
33.5 69.4
33.4 69.3
33.3 69.2
33.2 69.2
33.1 69.1
33.0 69.0
32.9 68.9
32.8 68.8
32.7 68.7
32.6 68.6
32.5 68.6
32.4 68.5
32.3 68.4
32.3 68.3
32.3 68.2
32.2 68.1
32.1 68.0
32.0 67.9
31.9 67.9
31.8 67.8
31.7 67.7
31.6 67.7
31.5 67.8
31.4 67.7
31.3 67.6
31.2 67.7
31.1 67.6
31.0 67.6
30.9 67.5
31.0 67.4
31.0 67.3
31.0 67.2
31.0 67.1
31.0 67.0
31.0 66.9
31.0 66.8
31.0 66.7
30.9 66.6
30.8 66.6
30.7 66.5
30.7 66.4
30.8 66.3
30.9 66.2
30.8 66.1
30.9 66.0
30.9 65.9
30.8 65.8
30.8 65.7
30.8 65.6
30.8 65.5
30.8 65.4
30.8 65.3
30.8 65.2
30.9 65.1
30.9 65.0
30.9 64.9
31.0 64.8
30.9 64.7
30.8 64.7
30.7 64.6
30.6 64.5
30.5 64.4
30.4 64.4
30.3 64.3
30.2 64.3
30.1 64.3
30.0 64.2
29.9 64.1
29.8 64.0
29.7 63.9
29.6 63.8
29.5 63.7
29.4 63.6
29.4 63.5
29.4 63.4
29.4 63.3
29.4 63.2
29.5 63.1
29.4 63.0
29.3 62.9
29.2 62.8
29.2 62.7
29.2 62.6
29.2 62.5
29.1 62.4
29.1 62.3
29.2 62.2
29.1 62.1
29.2 62.0
29.1 61.9
29.1 61.8
29.1 61.7
29.2 61.6
29.2 61.5
29.3 61.4
29.4 61.3
29.4 61.2
29.3 61.1
29.2 61.0
29.1 60.9
29.0 60.9
28.9 60.8
28.8 60.9
28.7 60.9
28.6 61.0
28.5 61.0
28.4 60.9
28.3 60.8
28.2 60.7
28.1 60.6
28.1 60.5
28.1 60.4
28.1 60.3
28.0 60.2
28.0 60.1
28.1 60.0
28.1 59.9
28.0 59.8
28.0 59.7
28.0 59.6
28.1 59.5
28.1 59.4
28.1 59.3
28.1 59.2
28.1 59.1
28.1 59.0
28.1 58.9
28.2 58.8
28.3 58.7
28.4 58.6
28.4 58.5
28.5 58.4
28.6 58.3
28.6 58.2
28.7 58.1
28.8 58.1
28.9 58.0
29.0 58.0
29.1 57.9
29.2 57.8
29.1 57.7
29.1 57.6
29.1 57.5
29.1 57.4
29.2 57.3
29.3 57.3
29.4 57.2
29.5 57.1
29.5 57.0
29.5 56.9
29.4 56.8
29.4 56.7
29.4 56.6
29.3 56.5
29.2 56.4
29.1 56.3
29.0 56.2
28.9 56.1
28.9 56.0
28.8 55.9
28.9 55.8
28.8 55.7
28.7 55.7
28.6 55.6
28.6 55.5
28.6 55.4
28.7 55.3
28.7 55.2
28.6 55.1
28.7 55.0
28.7 54.9
28.8 54.8
28.8 54.7
28.9 54.6
29.0 54.7
29.1 54.6
29.2 54.5
29.3 54.5
29.4 54.4
29.5 54.3
29.6 54.3
29.7 54.2
29.8 54.1
29.8 54.0
29.9 53.9
30.0 54.0
30.1 53.9
30.2 53.8
30.3 53.7
30.4 53.6
30.4 53.5
30.5 53.4
30.6 53.3
30.7 53.2
30.8 53.1
30.8 53.0
30.8 52.9
30.7 52.8
30.6 52.9
30.5 52.8
30.5 52.7
30.5 52.6
30.6 52.5
30.7 52.4
30.8 52.3
30.8 52.2
30.9 52.1
31.0 52.0
31.0 51.9
31.1 51.8
31.2 51.9
31.3 51.9
31.4 51.8
31.5 51.7
31.6 51.8
31.7 51.7
31.8 51.6
31.8 51.5
31.8 51.4
31.8 51.3
31.7 51.2
31.7 51.1
31.8 51.0
31.8 50.9
31.9 50.8
32.0 50.7
32.1 50.6
32.2 50.5
32.3 50.4
32.3 50.3
32.3 50.2
32.4 50.1
32.5 50.0
32.6 50.1
32.7 50.1
32.8 50.0
32.9 49.9
33.0 50.0
33.1 49.9
33.2 49.9
33.3 49.9
33.4 49.9
33.5 49.8
33.6 49.8
33.7 49.7
33.8 49.7
33.9 49.6
33.8 49.5
33.8 49.4
33.9 49.3
34.0 49.3
34.1 49.2
34.2 49.1
34.3 49.0
34.4 48.9
34.5 48.8
34.6 48.7
34.6 48.6
34.7 48.5
34.7 48.4
34.8 48.3
34.9 48.2
34.9 48.1
34.9 48.0
34.9 47.9
35.0 47.8
35.1 47.7
35.1 47.6
35.1 47.5
35.1 47.4
35.1 47.3
35.2 47.2
35.3 47.2
35.4 47.2
35.5 47.2
35.6 47.3
35.7 47.2
35.7 47.1
35.7 47.0
35.6 46.9
35.6 46.8
35.6 46.7
35.7 46.6
35.8 46.5
35.7 46.4
35.8 46.3
35.9 46.2
36.0 46.1
36.1 46.0
36.1 45.9
36.2 45.8
36.3 45.7
36.4 45.6
36.5 45.5
36.6 45.4
36.6 45.3
36.5 45.2
36.5 45.1
36.6 45.0
36.7 45.0
36.8 44.9
36.9 44.9
37.0 44.9
37.1 44.9
37.2 44.8
37.3 44.8
37.4 44.7
37.5 44.6
37.6 44.5
37.7 44.4
37.8 44.3
37.9 44.2
38.0 44.3
38.1 44.3
38.2 44.4
38.3 44.4
38.4 44.3
38.5 44.3
38.6 44.4
38.7 44.4
38.8 44.4
38.9 44.3
39.0 44.2
39.1 44.2
39.2 44.1
39.3 44.0
39.4 43.9
39.4 43.8
39.5 43.7
39.6 43.7
39.7 43.6
39.8 43.5
39.9 43.4
39.9 43.3
40.0 43.2
40.0 43.1
40.0 43.0
40.0 42.9
39.9 42.8
39.9 42.7
39.9 42.6
39.9 42.5
39.8 42.4
39.8 42.3
39.8 42.2
39.8 42.1
39.8 42.0
39.8 41.9
39.7 41.8
39.8 41.7
39.8 41.6
39.8 41.5
39.9 41.4
40.0 41.4
40.1 41.5
40.2 41.5
40.2 41.4
40.2 41.3
40.3 41.2
40.2 41.1
40.1 41.0
40.1 40.9
40.2 40.8
40.1 40.7
40.1 40.6
40.1 40.5
40.0 40.4
40.0 40.3
40.1 40.2
40.1 40.1
40.1 40.0
40.0 39.9
39.9 39.8
39.8 39.7
39.8 39.6
39.9 39.5
39.9 39.4
39.9 39.3
39.8 39.2
39.9 39.1
39.9 39.0
39.9 38.9
39.8 38.8
39.7 38.7
39.8 38.6
39.8 38.5
39.9 38.4
39.9 38.3
39.8 38.2
39.7 38.1
39.7 38.0
39.7 37.9
39.7 37.8
39.6 37.7
39.6 37.6
39.5 37.5
39.5 37.4
39.4 37.3
39.3 37.2
39.3 37.1
39.2 37.0
39.1 37.0
39.0 37.0
38.9 37.1
38.8 37.0
38.7 37.1
38.6 37.2
38.5 37.3
38.4 37.4
38.4 37.5
38.3 37.6
38.2 37.7
38.1 37.6
38.1 37.5
38.0 37.4
38.0 37.3
37.9 37.2
37.8 37.1
37.7 37.2
37.6 37.3
37.5 37.4
37.4 37.3
37.3 37.2
37.2 37.1
37.1 37.1
37.0 37.2
36.9 37.2
36.8 37.2
36.7 37.1
36.6 37.0
36.5 37.0
36.4 36.9
36.3 36.8
36.2 36.7
36.1 36.6
36.0 36.5
35.9 36.6
35.8 36.6
35.7 36.6
35.6 36.7
35.6 36.8
35.6 36.9
35.5 37.0
35.4 37.1
35.3 37.0
35.2 37.0
35.1 37.0
35.0 37.1
34.9 37.2
34.8 37.3
34.7 37.2
34.6 37.2
34.5 37.2
34.4 37.1
34.3 37.0
34.2 37.0
34.1 37.0
34.0 37.1
33.9 37.2
34.0 37.3
34.1 37.4
34.0 37.5
34.0 37.6
33.9 37.7
33.8 37.8
33.7 37.9
33.6 38.0
33.5 38.1
33.4 38.2
33.4 38.3
33.3 38.4
33.2 38.5
33.2 38.6
33.2 38.7
33.1 38.8
33.1 38.9
33.0 39.0
32.9 39.1
32.8 39.2
32.7 39.3
32.6 39.3
32.5 39.3
32.4 39.2
32.3 39.2
32.2 39.2
32.1 39.2
32.0 39.2
31.9 39.2
31.8 39.2
31.7 39.2
31.6 39.2
31.5 39.3
31.4 39.4
31.3 39.5
31.2 39.5
31.1 39.6
31.0 39.6
30.9 39.5
30.9 39.4
30.8 39.3
30.7 39.3
30.6 39.4
30.6 39.5
30.5 39.6
30.5 39.7
30.5 39.8
30.4 39.9
30.3 39.8
30.2 39.7
30.1 39.6
30.0 39.5
29.9 39.4
29.8 39.3
29.7 39.3
29.6 39.3
29.5 39.2
29.4 39.2
29.3 39.1
29.2 39.2
29.1 39.3
29.0 39.4
29.0 39.5
28.9 39.6
28.8 39.7
28.7 39.8
28.6 39.9
28.5 39.8
28.4 39.9
28.3 39.9
28.2 39.9
28.1 40.0
28.0 39.9
27.9 39.8
27.8 39.8
27.7 39.9
27.6 40.0
27.5 40.1
27.4 40.1
27.3 40.1
27.2 40.0
27.1 39.9
27.0 39.8
27.0 39.7
26.9 39.6
26.8 39.5
26.7 39.4
26.6 39.5
26.5 39.5
26.4 39.4
26.3 39.3
26.2 39.2
26.3 39.1
26.3 39.0
26.3 38.9
26.3 38.8
26.4 38.7
26.5 38.8
26.6 38.7
26.7 38.7
26.8 38.6
26.9 38.5
27.0 38.4
27.1 38.3
27.2 38.2
27.3 38.1
27.2 38.0
27.2 37.9
27.2 37.8
27.2 37.7
27.1 37.6
27.2 37.5
27.3 37.4
27.4 37.3
27.5 37.2
27.4 37.1
27.5 37.0
27.5 36.9
27.6 36.8
27.7 36.7
27.8 36.6
27.8 36.5
27.8 36.4
27.9 36.3
28.0 36.2
28.1 36.1
28.2 36.0
28.3 36.0
28.4 35.9
28.5 35.9
28.6 35.8
28.7 35.7
28.8 35.7
28.9 35.6
29.0 35.6
29.1 35.5
29.2 35.5
29.3 35.5
29.4 35.5
29.5 35.5
29.6 35.4
29.6 35.3
29.7 35.2
29.8 35.1
29.9 35.0
29.8 34.9
29.7 34.8
29.6 34.8
29.5 34.7
29.6 34.6
29.6 34.5
29.5 34.4
29.4 34.3
29.3 34.2
29.2 34.1
29.1 34.0
29.1 33.9
29.1 33.8
29.1 33.7
29.2 33.6
29.2 33.5
29.3 33.4
29.4 33.3
29.5 33.3
29.6 33.3
29.7 33.3
29.8 33.2
29.9 33.1
30.0 33.1
30.1 33.1
30.2 33.0
30.2 32.9
30.2 32.8
30.1 32.7
30.0 32.6
29.9 32.5
29.9 32.4
30.0 32.3
30.0 32.2
29.9 32.1
29.9 32.0
29.9 31.9
29.9 31.8
29.8 31.7
29.7 31.7
29.6 31.7
29.5 31.8
29.4 31.9
29.3 32.0
29.2 32.0
29.1 31.9
29.0 31.8
28.9 31.7
28.8 31.7
28.7 31.8
28.6 31.9
28.5 32.0
28.5 32.1
28.6 32.2
28.6 32.3
28.5 32.4
28.4 32.4
28.3 32.4
28.2 32.5
28.1 32.6
28.0 32.7
27.9 32.8
27.8 32.9
27.7 32.8
27.6 32.9
27.5 33.0
27.4 33.1
27.3 33.2
27.2 33.3
27.1 33.3
27.0 33.4
26.9 33.4
26.8 33.5
26.7 33.5
26.6 33.5
26.5 33.5
26.4 33.5
26.3 33.5
26.2 33.6
26.1 33.7
26.0 33.7
25.9 33.8
25.8 33.9
25.7 34.0
25.6 34.1
25.5 34.2
25.4 34.2
25.3 34.3
25.2 34.3
25.1 34.4
25.0 34.5
24.9 34.6
24.8 34.6
24.7 34.6
24.6 34.5
24.5 34.6
24.4 34.7
24.3 34.8
24.2 34.9
24.1 35.0
24.0 34.9
23.9 34.8
23.8 34.7
23.7 34.7
23.6 34.7
23.5 34.6
23.4 34.5
23.3 34.5
23.2 34.5
23.1 34.5
23.0 34.4
22.9 34.3
22.8 34.4
22.7 34.5
22.6 34.6
22.6 34.7
22.5 34.8
22.4 34.9
22.3 35.0
22.2 35.1
22.2 35.2
22.2 35.3
22.1 35.4
22.0 35.5
21.9 35.4
21.9 35.3
21.8 35.2
21.7 35.2
21.6 35.1
21.5 35.1
21.4 35.0
21.3 35.0
21.2 35.0
21.1 35.0
21.0 34.9
20.9 34.9
20.8 35.0
20.7 35.1
20.6 35.1
20.5 35.1
20.4 35.0
20.3 35.1
20.2 35.2
20.1 35.3
20.0 35.3
19.9 35.4
19.8 35.5
19.8 35.6
19.7 35.7
19.7 35.8
19.7 35.9
19.6 36.0
19.5 36.1
19.5 36.2
19.5 36.3
19.4 36.4
19.3 36.4
19.2 36.4
19.1 36.4
19.0 36.4
18.9 36.5
18.8 36.6
18.9 36.7
18.8 36.8
18.8 36.9
18.7 37.0
18.6 37.0
18.5 37.1
18.4 37.1
18.3 37.1
18.2 37.0
18.1 37.0
18.0 36.9
17.9 36.9
17.8 36.8
17.7 36.9
17.6 36.8
17.5 36.7
17.4 36.7
17.3 36.8
17.2 36.9
17.1 37.0
17.0 37.0
16.9 37.0
16.8 37.0
16.7 37.0
16.6 36.9
16.5 36.9
16.4 36.9
16.3 36.9
16.2 36.9
16.1 36.8
16.0 36.8
15.9 36.8
15.8 36.8
15.7 36.8
15.6 36.8
15.5 36.9
15.4 37.0
15.4 37.1
15.4 37.2
15.3 37.3
15.2 37.3
15.1 37.4
15.0 37.5
15.1 37.6
15.1 37.7
15.2 37.8
15.1 37.9
15.1 38.0
15.0 38.1
15.0 38.2
15.0 38.3
15.0 38.4
14.9 38.5
15.0 38.6
15.1 38.7
15.2 38.8
15.2 38.9
15.1 39.0
15.0 39.1
15.0 39.2
15.0 39.3
14.9 39.4
14.8 39.4
14.7 39.5
14.6 39.5
14.5 39.4
14.4 39.5
14.3 39.4
14.2 39.5
14.1 39.6
14.0 39.7
13.9 39.7
13.8 39.7
13.7 39.7
13.6 39.6
13.5 39.6
13.4 39.5
13.3 39.4
13.2 39.5
13.1 39.6
13.0 39.5
12.9 39.5
12.8 39.5
12.7 39.5
12.6 39.5
12.5 39.4
12.4 39.4
12.3 39.4
12.2 39.3
12.1 39.3
12.0 39.4
11.9 39.3
11.8 39.4
11.7 39.5
11.6 39.5
11.5 39.5
11.4 39.5
11.3 39.5
11.2 39.4
11.1 39.4
11.0 39.4
10.9 39.5
10.8 39.6
10.7 39.7
10.6 39.7
10.5 39.7
10.4 39.8
10.3 39.7
10.2 39.7
10.1 39.7
10.0 39.7
9.9 39.7
9.8 39.7
9.7 39.7
9.6 39.6
9.5 39.5
9.5 39.4
9.4 39.3
9.3 39.2
9.3 39.1
9.2 39.0
9.2 38.9
9.1 38.8
9.1 38.7
9.2 38.6
9.2 38.5
9.3 38.4
9.2 38.3
9.2 38.2
9.2 38.1
9.1 38.0
9.0 38.0
8.9 38.0
8.8 37.9
8.8 37.8
8.8 37.7
8.9 37.6
9.0 37.5
9.1 37.4
9.2 37.3
9.3 37.2
9.3 37.1
9.3 37.0
9.2 36.9
9.1 36.8
9.1 36.7
9.1 36.6
9.0 36.5
8.9 36.4
8.8 36.3
8.7 36.3
8.6 36.2
8.5 36.1
8.4 36.2
8.3 36.3
8.2 36.2
8.1 36.1
8.0 36.0
7.9 35.9
7.8 35.9
7.7 35.9
7.6 35.8
7.5 35.7
7.4 35.6
7.3 35.7
7.2 35.8
7.1 35.7
7.0 35.7
6.9 35.7
6.8 35.7
6.7 35.6
6.6 35.5
6.5 35.5
6.4 35.6
6.3 35.6
6.2 35.5
6.1 35.4
6.1 35.3
6.0 35.2
5.9 35.2
5.8 35.3
5.7 35.3
5.6 35.3
5.5 35.3
5.4 35.2
5.3 35.3
5.3 35.4
5.3 35.5
5.3 35.6
5.2 35.7
5.1 35.7
5.0 35.6
4.9 35.5
4.8 35.5
4.7 35.5
4.6 35.6
4.5 35.5
4.4 35.5
4.3 35.5
4.2 35.6
4.1 35.6
4.0 35.6
3.9 35.5
3.8 35.4
3.7 35.4
3.6 35.3
3.5 35.2
3.6 35.1
3.5 35.0
3.4 34.9
3.3 34.9
3.2 35.0
3.1 35.0
3.0 34.9
2.9 34.8
2.8 34.7
2.7 34.7
2.6 34.7
2.5 34.8
2.4 34.8
2.3 34.8
2.2 34.7
2.1 34.7
2.0 34.7
1.9 34.8
1.8 34.8
1.7 34.8
1.6 34.9
1.5 34.8
1.4 34.8
1.3 34.7
1.2 34.6
1.1 34.7
1.1 34.8
1.2 34.9
1.2 35.0
1.3 35.1
1.2 35.2
1.2 35.3
1.2 35.4
1.1 35.5
1.0 35.5
0.9 35.5
0.8 35.5
0.7 35.4
0.6 35.4
0.5 35.5
0.4 35.5
0.3 35.5
0.2 35.5
0.1 35.5
0.0 35.6
-0.1 35.7
-0.2 35.7
-0.3 35.7
-0.4 35.7
-0.5 35.8
-0.6 35.8
-0.7 35.7
-0.8 35.6
-0.9 35.5
-1.0 35.4
-1.1 35.4
-1.2 35.5
-1.3 35.6
-1.4 35.7
-1.5 35.7
-1.6 35.7
-1.7 35.8
-1.8 35.7
-1.9 35.6
-2.0 35.6
-2.1 35.6
-2.2 35.5
-2.3 35.4
-2.4 35.3
-2.5 35.2
-2.6 35.1
-2.7 35.0
-2.8 35.0
-2.9 34.9
-3.0 34.8
-3.1 34.8
-3.2 34.9
-3.2 35.0
-3.1 35.1
-3.1 35.2
-3.2 35.3
-3.2 35.4
-3.3 35.5
-3.4 35.5
-3.5 35.6
-3.6 35.6
-3.7 35.6
-3.8 35.5
-3.9 35.5
-4.0 35.5
-4.1 35.5
-4.2 35.4
-4.3 35.3
-4.4 35.2
-4.5 35.2
-4.6 35.1
-4.7 35.0
-4.8 34.9
-4.9 34.8
-5.0 34.8
-5.1 34.9
-5.2 34.8
-5.3 34.7
-5.4 34.6
-5.5 34.5
-5.6 34.4
-5.7 34.4
-5.8 34.3
-5.9 34.2
-6.0 34.1
-6.1 34.0
-6.2 33.9
-6.3 33.8
-6.4 33.9
-6.5 33.9
-6.6 34.0
-6.7 34.0
-6.8 33.9
-6.9 33.9
-7.0 33.8
-7.1 33.8
-7.2 33.7
-7.3 33.6
-7.4 33.7
-7.5 33.7
-7.6 33.7
-7.7 33.7
-7.8 33.7
-7.9 33.8
-8.0 33.8
-8.1 33.7
-8.2 33.7
-8.3 33.7
-8.4 33.6
-8.5 33.6
-8.6 33.6
-8.7 33.5
-8.8 33.5
-8.9 33.6
-9.0 33.5
-9.0 33.4
-9.1 33.3
-9.2 33.3
-9.3 33.2
-9.4 33.1
-9.5 33.0
-9.6 33.0
-9.7 32.9
-9.8 32.8
-9.9 32.7
-10.0 32.7
-10.1 32.6
-10.2 32.5
-10.3 32.6
-10.4 32.5
-10.5 32.5
-10.6 32.4
-10.7 32.3
-10.6 32.2
-10.7 32.1
-10.8 32.0
-10.9 31.9
-11.0 31.8
-11.1 31.8
-11.2 31.8
-11.3 31.8
-11.4 31.7
-11.5 31.6
-11.6 31.6
-11.7 31.6
-11.8 31.5
-11.9 31.4
-12.0 31.4
-12.1 31.3
-12.2 31.2
-12.2 31.1
-12.3 31.0
-12.4 30.9
-12.5 30.8
-12.6 30.9
-12.7 31.0
-12.8 30.9
-12.9 30.9
-13.0 30.8
-12.9 30.7
-13.0 30.6
-13.1 30.5
-13.1 30.4
-13.2 30.3
-13.3 30.2
-13.2 30.1
-13.3 30.0
-13.4 29.9
-13.4 29.8
-13.4 29.7
-13.3 29.6
-13.2 29.5
-13.3 29.4
-13.4 29.3
-13.5 29.2
-13.4 29.1
-13.3 29.0
-13.2 28.9
-13.1 28.8
-13.0 28.9
-12.9 28.8
-12.8 28.7
-12.9 28.6
-12.8 28.5
-12.7 28.5
-12.6 28.5
-12.5 28.4
-12.4 28.3
-12.4 28.2
-12.4 28.1
-12.4 28.0
-12.3 27.9
-12.2 27.8
-12.3 27.7
-12.2 27.6
-12.1 27.5
-12.0 27.5
-11.9 27.4
-11.8 27.3
-11.7 27.2
-11.6 27.2
-11.6 27.1
-11.7 27.1
-11.8 27.1
-11.9 27.0
-12.0 26.9
-12.0 26.8
-12.0 26.7
-12.0 26.6
-11.9 26.5
-11.9 26.4
-11.9 26.3
-11.9 26.2
-11.9 26.1
-11.9 26.0
-11.8 25.9
-11.8 25.8
-11.8 25.7
-11.7 25.6
-11.7 25.5
-11.7 25.4
-11.6 25.3
-11.7 25.2
-11.7 25.1
-11.8 25.0
-11.8 24.9
-11.7 24.8
-11.6 24.7
-11.5 24.6
-11.5 24.5
-11.4 24.4
-11.3 24.4
-11.2 24.4
-11.1 24.4
-11.0 24.3
-11.0 24.2
-10.9 24.1
-10.9 24.0
-11.0 23.9
-11.0 23.8
-11.0 23.7
-11.0 23.6
-11.1 23.5
-11.1 23.4
-11.0 23.3
-11.0 23.2
-11.0 23.1
-11.0 23.0
-11.0 22.9
-11.0 22.8
-11.1 22.7
-11.0 22.6
-11.1 22.5
-11.2 22.4
-11.3 22.3
-11.3 22.2
-11.2 22.1
-11.2 22.0
-11.3 21.9
-11.3 21.8
-11.4 21.7
-11.5 21.6
-11.5 21.5
-11.5 21.4
-11.6 21.3
-11.7 21.2
-11.7 21.1
-11.6 21.0
-11.6 20.9
-11.6 20.8
-11.7 20.7
-11.8 20.6
-11.8 20.5
-11.7 20.4
-11.6 20.3
-11.5 20.2
-11.5 20.1
-11.5 20.0
-11.6 19.9
-11.6 19.8
-11.6 19.7
-11.7 19.6
-11.8 19.5
-11.9 19.4
-11.9 19.3
-12.0 19.2
-12.0 19.1
-12.1 19.0
-12.0 18.9
-12.1 18.8
-12.2 18.7
-12.3 18.6
-12.4 18.5
-12.5 18.4
-12.6 18.3
-12.7 18.3
-12.8 18.2
-12.9 18.2
-13.0 18.1
-13.1 18.1
-13.2 18.1
-13.3 18.1
-13.4 18.0
-13.5 18.0
-13.6 17.9
-13.7 17.9
-13.8 17.9
-13.9 17.8
-13.8 17.7
-13.9 17.6
-13.9 17.5
-13.9 17.4
-13.8 17.3
-13.8 17.2
-13.7 17.1
-13.6 17.0
-13.5 16.9
-13.4 16.8
-13.3 16.7
-13.2 16.8
-13.1 16.7
-13.0 16.6
-12.9 16.6
-12.8 16.6
-12.7 16.6
-12.6 16.7
-12.5 16.6
-12.4 16.5
-12.5 16.4
-12.6 16.3
-12.6 16.2
-12.6 16.1
-12.7 16.1
-12.8 16.1
-12.9 16.1
-13.0 16.2
-13.1 16.1
-13.2 16.1
-13.3 16.1
-13.4 16.1
-13.5 16.1
-13.6 16.1
-13.7 16.0
-13.8 16.0
-13.9 16.0
-14.0 16.0
-14.1 16.0
-14.2 16.1
-14.3 16.2
-14.4 16.1
-14.5 16.1
-14.6 16.2
-14.7 16.2
-14.8 16.3
-14.9 16.2
-15.0 16.3
-15.1 16.3
-15.2 16.4
-15.2 16.5
-15.3 16.6
-15.3 16.7
-15.4 16.8
-15.5 16.9
-15.5 17.0
-15.6 17.1
-15.6 17.2
-15.7 17.3
-15.8 17.2
-15.9 17.3
-16.0 17.4
-16.1 17.5
-16.2 17.6
-16.3 17.6
-16.4 17.6
-16.5 17.5
-16.6 17.6
-16.7 17.6
-16.8 17.6
-16.9 17.5
-17.0 17.6
-17.1 17.6
-17.2 17.6
-17.3 17.5
-17.4 17.5
-17.5 17.5
-17.6 17.5
-17.7 17.6
-17.8 17.7
-17.9 17.7
-18.0 17.8
-18.1 17.9
-18.1 18.0
-18.2 18.1
-18.3 18.2
-18.3 18.3
-18.4 18.4
-18.4 18.5
-18.4 18.6
-18.4 18.7
-18.5 18.8
-18.6 18.8
-18.7 18.9
-18.8 19.0
-18.9 19.1
-18.9 19.2
-19.0 19.3
-19.1 19.3
-19.2 19.2
-19.3 19.1
-19.4 19.0
-19.4 18.9
-19.5 18.8
-19.4 18.7
-19.5 18.6
-19.5 18.5
-19.5 18.4
-19.5 18.3
-19.5 18.2
-19.5 18.1
-19.5 18.0
-19.5 17.9
-19.6 17.8
-19.7 17.7
-19.8 17.6
-19.9 17.5
-19.9 17.4
-19.9 17.3
-20.0 17.2
-20.1 17.1
-20.2 17.1
-20.3 17.0
-20.4 16.9
-20.5 16.9
-20.6 16.8
-20.7 16.7
-20.8 16.6
-20.9 16.5
-20.9 16.4
-21.0 16.3
-21.1 16.4
-21.2 16.5
-21.3 16.4
-21.4 16.5
-21.5 16.6
-21.6 16.7
-21.7 16.8
-21.7 16.9
-21.7 17.0
-21.7 17.1
-21.7 17.2
-21.7 17.3
-21.8 17.4
-21.9 17.5
-22.0 17.6
-21.9 17.7
-21.8 17.8
-21.7 17.9
-21.7 18.0
-21.7 18.1
-21.7 18.2
-21.8 18.3
-21.8 18.4
-21.8 18.5
-21.8 18.6
-21.9 18.7
-21.9 18.8
-22.0 18.9
-22.1 19.0
-22.2 19.1
-22.3 19.2
-22.4 19.3
-22.5 19.2
-22.6 19.1
-22.7 19.1
-22.8 19.1
-22.9 19.2
-23.0 19.3
-23.1 19.4
-23.2 19.5
-23.2 19.6
-23.2 19.7
-23.1 19.8
-23.1 19.9
-23.1 20.0
-23.1 20.1
-23.0 20.2
-23.0 20.3
-23.0 20.4
-23.0 20.5
-23.0 20.6
-23.0 20.7
-23.0 20.8
-23.1 20.9
-23.1 21.0
-23.1 21.1
-23.1 21.2
-23.2 21.3
-23.2 21.4
-23.2 21.5
-23.2 21.6
-23.2 21.7
-23.3 21.8
-23.2 21.9
-23.2 22.0
-23.2 22.1
-23.3 22.2
-23.4 22.3
-23.5 22.4
-23.5 22.5
-23.5 22.6
-23.6 22.7
-23.6 22.8
-23.6 22.9
-23.7 23.0
-23.8 23.1
-23.8 23.2
-23.9 23.3
-23.9 23.4
-23.9 23.5
-24.0 23.6
-24.1 23.7
-24.1 23.8
-24.1 23.9
-24.2 24.0
-24.3 24.1
-24.4 24.2
-24.4 24.3
-24.4 24.4
-24.4 24.5
-24.5 24.6
-24.6 24.7
-24.7 24.8
-24.8 24.9
-24.8 25.0
-24.9 25.1
-25.0 25.2
-25.1 25.3
-25.2 25.4
-25.3 25.5
-25.4 25.6
-25.5 25.7
-25.5 25.8
-25.6 25.9
-25.7 25.9
-25.8 26.0
-25.8 26.1
-25.8 26.2
-25.8 26.3
-25.9 26.4
-25.9 26.5
-25.9 26.6
-25.9 26.7
-26.0 26.8
-26.0 26.9
-26.0 27.0
-26.0 27.1
-26.1 27.2
-26.1 27.3
-26.1 27.4
-26.1 27.5
-26.2 27.6
-26.2 27.7
-26.1 27.8
-26.2 27.9
-26.2 28.0
-26.2 28.1
-26.2 28.2
-26.2 28.3
-26.1 28.4
-26.1 28.5
-26.2 28.6
-26.3 28.7
-26.4 28.8
-26.4 28.9
-26.4 29.0
-26.4 29.1
-26.5 29.2
-26.6 29.3
-26.5 29.4
-26.5 29.5
-26.5 29.6
-26.4 29.7
-26.3 29.8
-26.4 29.9
-26.4 30.0
-26.3 30.1
-26.4 30.2
-26.5 30.3
-26.6 30.2
-26.7 30.1
-26.8 30.2
-26.9 30.1
-27.0 30.2
-27.1 30.1
-27.2 30.1
-27.3 30.0
-27.3 29.9
-27.4 29.8
-27.5 29.7
-27.6 29.7
-27.7 29.7
-27.8 29.6
-27.9 29.6
-28.0 29.6
-28.1 29.5
-28.2 29.4
-28.2 29.3
-28.3 29.2
-28.4 29.2
-28.5 29.1
-28.5 29.0
-28.6 28.9
-28.7 28.8
-28.8 28.8
-28.9 28.9
-29.0 29.0
-29.0 29.1
-29.1 29.2
-29.2 29.3
-29.3 29.4
-29.4 29.4
-29.5 29.3
