エラスティック・アース1投影法（3部分）：
第0部分:
堺（12点）：
  40.0,-180.0
  40.0,-150.0
 -10.0,-100.0
 -60.0,-100.0
 -60.0,-180.0
 -90.0,-180.0
 -90.0, 180.0
 -60.0, 180.0
 -60.0, -20.0
  90.0, -20.0
  90.0,-180.0
  40.0,-180.0
投影した点（21x41点）：
-17457.46,  3637.53,-17457.46,  3637.53,-17457.46,  3637.53,-17457.46,  3637.53,-17457.46,  3637.53,-17457.46,  3637.53,-17457.46,  3637.53,-17457.46,  3637.53,-17457.46,  3637.53,-17457.46,  3637.53,-17457.46,  3637.53,-17457.46,  3637.53,-17457.46,  3637.53,-17457.46,  3637.53,-17457.46,  3637.53,-17457.46,  3637.53,-17457.46,  3637.53,-17457.46,  3637.53,-17457.46,  3637.53,-17457.46,  3637.53,-17457.46,  3637.53,-17457.46,  3637.53,-17457.46,  3637.53,-17457.46,  3637.53,-17457.46,  3637.53,-17457.46,  3637.53,-17457.46,  3637.53,-17457.46,  3637.53,-17457.46,  3637.53,-17457.46,  3637.53,-17457.46,  3637.53,-17457.46,  3637.53,-17457.46,  3637.53,-17457.46,  3637.53,-17457.46,  3637.53,-17457.46,  3637.53,-17457.46,  3637.53,-17457.46,  3637.53,-17457.46,  3637.53,-17457.46,  3637.53,-17457.46,  3637.53
-18002.20,  4470.98,-17866.63,  4546.42,-17720.33,  4599.43,-17567.22,  4628.59,-17411.28,  4633.18,-17256.53,  4613.07,-17106.90,  4568.79,-16966.16,  4501.48,-16837.85,  4412.87,-16725.09,  4305.16,-16630.58,  4181.01,-16556.55,  4043.60,-16504.68,  3896.32,-16476.09,  3742.79,-16471.37,  3586.83,-16490.52,  3432.31,-16533.10,  3282.92,-16598.41,  3142.09,-16685.06,  3013.23,-16790.95,  2899.62,-16913.41,  2804.21,-17049.38,  2729.38,-17195.44,  2676.95,-17347.95,  2648.18,-17503.12,  2643.75,-17657.10,  2663.72,-17806.10,  2707.58,-17946.45,  2774.21,-18074.71,  2861.95,-18187.76,  2968.63,-18282.83,  3091.67,-18357.62,  3228.07,-18410.32,  3374.52,-18439.65,  3527.46,-18444.90,  3683.20,-18425.92,  3837.95,-18383.16,  3987.99,-18317.60,  4129.65,-18230.80,  4259.49,-18124.81,  4374.27,-18002.20,  4470.98
-18550.77,  5290.72,-18275.50,  5444.29,-17979.87,  5550.14,-17672.25,  5608.15,-17359.96,  5616.97,-17050.61,  5576.41,-16751.98,  5487.49,-16471.68,  5352.98,-16216.74,  5176.38,-15993.70,  4961.22,-15807.97,  4713.52,-15663.78,  4440.49,-15564.36,  4148.66,-15510.82,  3844.18,-15503.07,  3534.97,-15540.47,  3228.87,-15622.44,  2932.99,-15749.38,  2653.70,-15919.76,  2397.40,-16129.79,  2171.26,-16374.35,  1981.66,-16646.10,  1833.23,-16937.76,  1729.41,-17241.91,  1672.68,-17550.81,  1664.39,-17857.13,  1704.75,-18153.36,  1792.52,-18432.37,  1925.18,-18687.04,  2099.08,-18911.09,  2310.12,-19099.32,  2553.55,-19247.44,  2823.55,-19351.93,  3113.18,-19410.39,  3415.46,-19421.42,  3723.14,-19384.71,  4028.92,-19301.13,  4325.80,-19172.63,  4606.67,-19002.06,  4864.72,-18793.26,  5094.36,-18550.77,  5290.72
-19132.76,  6090.98,-18722.98,  6328.06,-18252.41,  6498.33,-17772.55,  6591.68,-17293.63,  6606.01,-16824.74,  6543.60,-16376.28,  6408.42,-15953.40,  6203.95,-15568.27,  5931.83,-15239.43,  5604.83,-14968.29,  5234.41,-14758.59,  4825.98,-14618.93,  4388.22,-14546.18,  3938.02,-14538.47,  3484.10,-14596.03,  3033.02,-14717.07,  2590.69,-14899.54,  2168.00,-15144.34,  1774.30,-15458.84,  1429.05,-15833.40,  1149.01,-16244.49,   929.22,-16683.96,   775.35,-17141.87,   691.62,-17607.80,   680.67,-18067.25,   742.89,-18509.04,   875.93,-18923.79,  1074.50,-19304.05,  1334.41,-19640.23,  1651.31,-19921.97,  2016.79,-20142.24,  2420.26,-20297.61,  2852.16,-20384.97,  3302.42,-20402.18,  3760.69,-20348.49,  4216.08,-20225.79,  4657.47,-20037.29,  5074.71,-19787.15,  5458.15,-19482.86,  5799.07,-19132.76,  6090.98
-19719.50,  6890.55,-19152.73,  7226.80,-18537.23,  7458.17,-17898.48,  7585.93,-17252.67,  7610.28,-16612.52,  7534.85,-15984.59,  7366.36,-15362.28,  7113.41,-14804.55,  6740.84,-14377.87,  6269.59,-14052.48,  5739.76,-13819.42,  5177.88,-13665.33,  4599.20,-13581.38,  4012.12,-13570.04,  3422.43,-13635.81,  2839.12,-13783.54,  2268.05,-14009.05,  1717.32,-14311.16,  1205.40,-14696.01,   740.39,-15235.52,   328.40,-15812.34,    19.59,-16419.12,  -191.18,-17047.76,  -303.40,-17688.59,  -313.39,-18309.77,  -220.66,-18883.81,   -38.80,-19420.33,   221.40,-19922.95,   562.53,-20384.91,   996.37,-20760.89,  1491.11,-21047.26,  2025.18,-21249.43,  2592.92,-21364.78,  3185.26,-21389.35,  3791.52,-21318.99,  4399.63,-21158.86,  4982.83,-20912.55,  5536.21,-20578.10,  6052.20,-20177.46,  6503.82,-19719.50,  6890.55
-20192.87,  7762.65,-19576.36,  8095.96,-18814.68,  8392.47,-18028.85,  8555.96,-17219.98,  8593.60,-16314.68,  8466.26,-15221.71,  8277.89,-14450.67,  7957.65,-13837.79,  7524.72,-13415.90,  6880.69,-13103.95,  6181.35,-12866.92,  5482.91,-12701.00,  4788.83,-12610.29,  4083.64,-12595.18,  3371.39,-12661.90,  2656.07,-12830.93,  1966.43,-13083.59,  1301.19,-13417.47,   663.80,-13798.44,    76.26,-14394.61,  -422.74,-15364.05,  -815.46,-16154.44, -1131.85,-16959.96, -1272.20,-17768.20, -1279.82,-18541.05, -1161.88,-19254.96,  -934.50,-19915.31,  -609.58,-20539.43,  -177.95,-21105.36,   358.89,-21577.07,   975.98,-21933.33,  1641.03,-22180.76,  2341.57,-22322.02,  3072.02,-22351.84,  3822.64,-22267.55,  4571.70,-22071.29,  5298.05,-21764.31,  5987.67,-21355.23,  6624.55,-20861.58,  7189.04,-20386.15,  7620.97
      NaN,      NaN,      NaN,      NaN,      NaN,      NaN,      NaN,      NaN,      NaN,      NaN,-15717.62,  9246.83,-14138.07,  9187.96,-13193.59,  8841.08,-12742.40,  8221.40,-12371.19,  7428.34,-12110.58,  6587.88,-11899.98,  5764.16,-11734.48,  4961.04,-11638.92,  4153.83,-11613.06,  3335.86,-11646.10,  2504.14,-11734.22,  1664.35,-11945.36,   862.88,-12244.82,    62.30,-12719.05,  -542.86,-13331.24, -1052.41,-14662.32, -1483.46,      NaN,      NaN,      NaN,      NaN,      NaN,      NaN,      NaN,      NaN,      NaN,      NaN,      NaN,      NaN,      NaN,      NaN,      NaN,      NaN,      NaN,      NaN,      NaN,      NaN,      NaN,      NaN,      NaN,      NaN,      NaN,      NaN,      NaN,      NaN,      NaN,      NaN,      NaN,      NaN,      NaN,      NaN,      NaN,      NaN,      NaN,      NaN
      NaN,      NaN,      NaN,      NaN,      NaN,      NaN,      NaN,      NaN,      NaN,      NaN,      NaN,      NaN,-11711.61, 10274.69,-11387.75,  9988.35,-11551.04,  8851.37,-11264.78,  7908.27,-11116.58,  6903.76,-10921.25,  6003.92,-10764.68,  5117.66,-10665.88,  4227.51,-10624.52,  3329.15,-10633.79,  2419.24,-10677.39,  1489.37,-10783.24,   548.09,-11028.62,  -376.11,-11206.43, -1287.95,-11533.71, -1818.46,      NaN,      NaN,      NaN,      NaN,      NaN,      NaN,      NaN,      NaN,      NaN,      NaN,      NaN,      NaN,      NaN,      NaN,      NaN,      NaN,      NaN,      NaN,      NaN,      NaN,      NaN,      NaN,      NaN,      NaN,      NaN,      NaN,      NaN,      NaN,      NaN,      NaN,      NaN,      NaN,      NaN,      NaN,      NaN,      NaN,      NaN,      NaN,      NaN,      NaN
      NaN,      NaN,      NaN,      NaN,      NaN,      NaN,      NaN,      NaN,      NaN,      NaN,      NaN,      NaN, -9010.45, 12018.36, -9691.16, 10682.38,-10163.19,  9449.14,-10080.49,  8330.89,-10075.96,  7199.52, -9932.49,  6219.55, -9794.74,  5263.72, -9696.80,  4309.12, -9640.38,  3348.42, -9623.83,  2377.82, -9642.34,  1390.93, -9693.33,   370.00, -9793.45,  -722.43, -9752.72, -1959.53,      NaN,      NaN,      NaN,      NaN,      NaN,      NaN,      NaN,      NaN,      NaN,      NaN,      NaN,      NaN,      NaN,      NaN,      NaN,      NaN,      NaN,      NaN,      NaN,      NaN,      NaN,      NaN,      NaN,      NaN,      NaN,      NaN,      NaN,      NaN,      NaN,      NaN,      NaN,      NaN,      NaN,      NaN,      NaN,      NaN,      NaN,      NaN,      NaN,      NaN,      NaN,      NaN
      NaN,      NaN,      NaN,      NaN,      NaN,      NaN,      NaN,      NaN,      NaN,      NaN, -6502.78, 13429.98, -7457.65, 12196.85, -8161.38, 11105.04, -8643.35,  9821.82, -8846.18,  8630.39, -8920.06,  7513.32, -8915.92,  6420.17, -8820.46,  5400.38, -8730.91,  4396.63, -8661.68,  3391.05, -8617.62,  2373.07, -8606.28,  1332.49, -8612.79,   238.95, -8360.27, -1174.32, -7883.93, -2824.83,      NaN,      NaN,      NaN,      NaN,      NaN,      NaN,      NaN,      NaN,      NaN,      NaN,      NaN,      NaN,      NaN,      NaN,      NaN,      NaN,      NaN,      NaN,      NaN,      NaN,      NaN,      NaN,      NaN,      NaN,      NaN,      NaN,      NaN,      NaN,      NaN,      NaN,      NaN,      NaN,      NaN,      NaN,      NaN,      NaN,      NaN,      NaN,      NaN,      NaN,      NaN,      NaN
      NaN,      NaN,      NaN,      NaN,      NaN,      NaN,      NaN,      NaN, -3883.26, 13962.50, -5041.30, 13070.84, -6029.73, 12145.98, -6768.63, 11000.73, -7309.18,  9844.69, -7699.24,  8705.16, -7843.21,  7617.42, -7890.36,  6539.39, -7840.81,  5504.46, -7767.96,  4483.47, -7685.94,  3459.61, -7612.41,  2415.40, -7572.23,  1326.59, -7538.47,   146.32, -6764.47, -1765.34, -6247.37, -2984.42,      NaN,      NaN,      NaN,      NaN,      NaN,      NaN,      NaN,      NaN,      NaN,      NaN,      NaN,      NaN,      NaN,      NaN,      NaN,      NaN,      NaN,      NaN,      NaN,      NaN,      NaN,      NaN,      NaN,      NaN,      NaN,      NaN,      NaN,      NaN,      NaN,      NaN,      NaN,      NaN,      NaN,      NaN,      NaN,      NaN,      NaN,      NaN,      NaN,      NaN,      NaN,      NaN
      NaN,      NaN,      NaN,      NaN,      NaN,      NaN, -1218.92, 13791.48, -2579.24, 13250.79, -3756.88, 12642.97, -4742.18, 11727.54, -5490.27, 10741.25, -6061.57,  9735.13, -6601.71,  8660.55, -6791.99,  7616.30, -6874.70,  6590.07, -6870.60,  5577.86, -6811.32,  4575.16, -6711.05,  3567.07, -6607.93,  2523.08, -6558.05,  1398.09, -6547.26,   199.35, -5996.66,  -899.85, -5080.80, -2273.14,      NaN,      NaN,      NaN,      NaN,      NaN,      NaN,      NaN,      NaN,      NaN,      NaN,      NaN,      NaN,      NaN,      NaN,      NaN,      NaN,      NaN,      NaN,      NaN,      NaN,      NaN,      NaN,      NaN,      NaN,      NaN,      NaN,      NaN,      NaN,      NaN,      NaN,      NaN,      NaN,      NaN,      NaN,      NaN,      NaN,      NaN,      NaN,      NaN,      NaN,      NaN,      NaN
      NaN,      NaN,  6391.62,  9503.07,  2019.75, 12201.02,    89.05, 12617.38, -1415.67, 12498.41, -2617.39, 11904.68, -3618.79, 11173.98, -4314.58, 10367.05, -4871.64,  9514.83, -5386.89,  8582.48, -5726.30,  7588.90, -5880.21,  6600.34, -5918.23,  5633.76, -5869.49,  4680.36, -5755.82,  3729.72, -5652.08,  2747.99, -5809.54,  1718.14, -5865.33,   626.14, -5306.69,  -152.78, -4528.25,  -957.80,      NaN,      NaN,      NaN,      NaN,      NaN,      NaN,      NaN,      NaN,      NaN,      NaN,      NaN,      NaN,      NaN,      NaN,      NaN,      NaN,      NaN,      NaN,      NaN,      NaN,      NaN,      NaN,      NaN,      NaN,      NaN,      NaN,      NaN,      NaN,      NaN,      NaN,      NaN,      NaN,      NaN,      NaN,      NaN,      NaN,      NaN,      NaN,      NaN,      NaN,      NaN,      NaN
  8404.53,  7185.40,  5632.62,  9316.46,  3172.30, 10743.79,   928.42, 11677.77,  -440.58, 11464.40, -1671.16, 11074.58, -2728.96, 10522.16, -3397.06,  9820.73, -3934.12,  9054.12, -4394.83,  8244.65, -4728.73,  7390.92, -4923.41,  6523.19, -4997.06,  5660.26, -4959.94,  4793.91, -4847.10,  3926.90, -4919.97,  3050.11, -5126.87,  2147.31, -5140.70,  1242.28, -4629.67,   560.58, -3933.16,   -95.17,      NaN,      NaN,      NaN,      NaN,      NaN,      NaN,      NaN,      NaN,      NaN,      NaN,      NaN,      NaN,      NaN,      NaN,      NaN,      NaN,      NaN,      NaN,      NaN,      NaN,      NaN,      NaN,      NaN,      NaN,      NaN,      NaN,      NaN,      NaN,      NaN,      NaN,      NaN,      NaN,      NaN,      NaN,      NaN,      NaN,      NaN,      NaN,  8828.76,  5669.48,  9006.29,  6499.25
  7599.78,  6939.72,  5633.25,  8680.51,  3626.79,  9817.82,  1794.07, 10353.30,   356.33, 10389.34,  -935.14, 10231.74, -1867.45,  9811.85, -2498.82,  9218.61, -3022.93,  8560.11, -3456.38,  7864.62, -3789.33,  7142.57, -4014.95,  6401.03, -4132.79,  5647.67, -4182.45,  4912.48, -4150.40,  4193.79, -4294.67,  3438.56, -4533.74,  2721.87, -4371.25,  1979.40, -3964.17,  1297.98, -3436.94,   705.79,      NaN,      NaN,      NaN,      NaN,      NaN,      NaN,      NaN,      NaN,      NaN,      NaN,      NaN,      NaN,      NaN,      NaN,      NaN,      NaN,      NaN,      NaN,      NaN,      NaN,      NaN,      NaN,      NaN,      NaN,      NaN,      NaN,      NaN,      NaN,      NaN,      NaN,      NaN,      NaN,      NaN,      NaN,      NaN,      NaN,  6960.94,  5183.20,  7247.94,  6053.55,  7599.78,  6939.72
  6015.30,  7233.92,  4858.29,  8034.51,  3465.94,  8753.49,  2120.12,  9188.05,   854.27,  9349.44,  -336.52,  9348.77, -1077.78,  9014.56, -1660.32,  8540.71, -2158.07,  8007.66, -2571.04,  7434.85, -2896.58,  6832.23, -3135.44,  6209.41, -3296.01,  5579.36, -3398.53,  4958.65, -3434.36,  4344.72, -3489.40,  3745.45, -3667.63,  3139.66, -3512.86,  2498.67, -3196.62,  1921.32, -2820.91,  1401.65,      NaN,      NaN,      NaN,      NaN,      NaN,      NaN,      NaN,      NaN,      NaN,      NaN,      NaN,      NaN,      NaN,      NaN,      NaN,      NaN,      NaN,      NaN,      NaN,      NaN,      NaN,      NaN,      NaN,      NaN,      NaN,      NaN,      NaN,      NaN,      NaN,      NaN,      NaN,      NaN,      NaN,      NaN,      NaN,      NaN,  5768.88,  5527.10,  5779.44,  6358.26,  6015.30,  7233.92
  4006.71,  6896.76,  3548.21,  7412.25,  2898.45,  7839.24,  2155.61,  8152.61,  1178.55,  8355.56,   293.76,  8355.77,  -360.92,  8133.21,  -898.03,  7791.11, -1355.96,  7389.51, -1737.51,  6942.89, -2044.17,  6462.48, -2278.83,  5958.29, -2446.93,  5439.73, -2556.15,  4916.41, -2605.09,  4390.69, -2606.49,  3868.34, -2695.34,  3391.72, -2624.66,  2900.65, -2418.02,  2480.98, -2161.60,  2064.94, -2062.22,  1740.26,      NaN,      NaN,      NaN,      NaN,      NaN,      NaN,      NaN,      NaN,      NaN,      NaN,      NaN,      NaN,      NaN,      NaN,      NaN,      NaN,      NaN,      NaN,      NaN,      NaN,      NaN,      NaN,      NaN,      NaN,      NaN,      NaN,      NaN,      NaN,      NaN,      NaN,      NaN,      NaN,  5262.34,  5151.74,  4361.44,  5682.42,  4436.01,  6266.37,  4006.71,  6896.76
  3118.68,  6288.95,  2761.62,  6654.82,  2309.83,  6953.63,  1802.91,  7169.46,  1235.33,  7293.69,   672.90,  7302.56,   174.62,  7180.22,  -264.03,  6970.88,  -645.56,  6700.40,  -969.22,  6382.96, -1234.88,  6029.79, -1444.37,  5651.37, -1599.22,  5256.87, -1698.98,  4852.59, -1748.56,  4449.17, -1757.00,  4063.05, -1734.00,  3707.29, -1718.14,  3406.63, -1611.02,  3060.08, -1444.19,  2690.10, -1302.03,  2411.47,  -997.66,  2317.64,      NaN,      NaN,      NaN,      NaN,      NaN,      NaN,      NaN,      NaN,      NaN,      NaN,      NaN,      NaN,      NaN,      NaN,      NaN,      NaN,      NaN,      NaN,      NaN,      NaN,      NaN,      NaN,      NaN,      NaN,      NaN,      NaN,      NaN,      NaN,  3590.07,  4935.67,  3777.20,  5199.71,  3740.98,  5392.74,  3414.04,  5870.94,  3118.68,  6288.95
  2311.59,  5665.59,  2076.37,  5890.13,  1797.56,  6071.10,  1490.28,  6200.12,  1163.08,  6270.49,   832.75,  6277.01,   515.55,  6219.90,   220.41,  6108.85,   -46.63,  5952.18,  -281.14,  5757.94,  -480.37,  5534.08,  -643.49,  5289.39,  -766.57,  5026.61,  -851.74,  4754.87,  -905.20,  4485.42,  -922.34,  4217.83,  -899.37,  3954.72,  -857.30,  3711.45,  -767.72,  3469.16,  -666.21,  3245.67,  -510.13,  3073.03,  -294.20,  2911.95,   -53.43,  2720.26,   195.57,  2618.36,   460.56,  2554.92,   733.23,  2533.70,  1009.50,  2553.84,  1284.84,  2613.97,  1552.81,  2713.41,  1805.72,  2851.61,  2037.64,  3026.12,  2242.86,  3233.93,  2416.14,  3471.04,  2552.91,  3732.50,  2649.79,  4012.20,  2703.82,  4303.55,  2690.02,  4635.40,  2724.21,  4893.64,  2654.43,  5144.10,  2500.55,  5407.06,  2311.59,  5665.59
  1571.55,  5023.78,  1460.49,  5126.84,  1333.17,  5208.86,  1191.83,  5265.80,  1042.03,  5296.13,   888.93,  5299.56,   737.04,  5277.61,   590.67,  5231.69,   453.85,  5163.27,   329.79,  5074.87,   221.07,  4969.43,   129.70,  4850.16,    57.18,  4720.42,     4.36,  4583.67,   -29.28,  4443.81,   -40.44,  4301.85,   -30.88,  4161.94,    -1.76,  4027.25,    47.13,  3899.91,   113.06,  3783.71,   196.55,  3682.67,   292.11,  3602.30,   404.69,  3534.68,   530.71,  3482.58,   664.39,  3450.31,   801.15,  3439.97,   939.26,  3450.62,  1078.47,  3480.21,  1213.15,  3530.29,  1340.43,  3599.61,  1457.10,  3687.27,  1560.38,  3791.68,  1647.64,  3910.85,  1716.48,  4042.37,  1765.12,  4183.14,  1792.68,  4329.61,  1797.11,  4478.63,  1776.80,  4626.75,  1731.84,  4769.76,  1662.74,  4903.33,  1571.55,  5023.78
   869.72,  4356.98,   869.72,  4356.98,   869.72,  4356.98,   869.72,  4356.98,   869.72,  4356.98,   869.72,  4356.98,   869.72,  4356.98,   869.72,  4356.98,   869.72,  4356.98,   869.72,  4356.98,   869.72,  4356.98,   869.72,  4356.98,   869.72,  4356.98,   869.72,  4356.98,   869.72,  4356.98,   869.72,  4356.98,   869.72,  4356.98,   869.72,  4356.98,   869.72,  4356.98,   869.72,  4356.98,   869.72,  4356.98,   869.72,  4356.98,   869.72,  4356.98,   869.72,  4356.98,   869.72,  4356.98,   869.72,  4356.98,   869.72,  4356.98,   869.72,  4356.98,   869.72,  4356.98,   869.72,  4356.98,   869.72,  4356.98,   869.72,  4356.98,   869.72,  4356.98,   869.72,  4356.98,   869.72,  4356.98,   869.72,  4356.98,   869.72,  4356.98,   869.72,  4356.98,   869.72,  4356.98,   869.72,  4356.98,   869.72,  4356.98
第1部分:
堺（5点）：
 -60.0, -20.0
 -60.0,  80.0
  90.0,  80.0
  90.0, -20.0
 -60.0, -20.0
投影した点（21x41点）：
      NaN,      NaN,      NaN,      NaN,      NaN,      NaN,      NaN,      NaN,      NaN,      NaN,      NaN,      NaN,      NaN,      NaN,      NaN,      NaN,      NaN,      NaN,      NaN,      NaN,      NaN,      NaN,      NaN,      NaN,      NaN,      NaN,      NaN,      NaN,      NaN,      NaN,      NaN,      NaN,      NaN,      NaN,      NaN,      NaN,      NaN,      NaN,      NaN,      NaN,      NaN,      NaN,      NaN,      NaN,      NaN,      NaN,      NaN,      NaN,      NaN,      NaN,      NaN,      NaN,      NaN,      NaN,      NaN,      NaN,      NaN,      NaN,      NaN,      NaN,      NaN,      NaN,      NaN,      NaN,      NaN,      NaN,      NaN,      NaN,      NaN,      NaN,      NaN,      NaN,      NaN,      NaN,      NaN,      NaN,      NaN,      NaN,      NaN,      NaN,      NaN,      NaN
      NaN,      NaN,      NaN,      NaN,      NaN,      NaN,      NaN,      NaN,      NaN,      NaN,      NaN,      NaN,      NaN,      NaN,      NaN,      NaN,      NaN,      NaN,      NaN,      NaN,      NaN,      NaN,      NaN,      NaN,      NaN,      NaN,      NaN,      NaN,      NaN,      NaN,      NaN,      NaN,      NaN,      NaN,      NaN,      NaN,      NaN,      NaN,      NaN,      NaN,      NaN,      NaN,      NaN,      NaN,      NaN,      NaN,      NaN,      NaN,      NaN,      NaN,      NaN,      NaN,      NaN,      NaN,      NaN,      NaN,      NaN,      NaN,      NaN,      NaN,      NaN,      NaN,      NaN,      NaN,      NaN,      NaN,      NaN,      NaN,      NaN,      NaN,      NaN,      NaN,      NaN,      NaN,      NaN,      NaN,      NaN,      NaN,      NaN,      NaN,      NaN,      NaN
      NaN,      NaN,      NaN,      NaN,      NaN,      NaN,      NaN,      NaN,      NaN,      NaN,      NaN,      NaN,      NaN,      NaN,      NaN,      NaN,      NaN,      NaN,      NaN,      NaN,      NaN,      NaN,      NaN,      NaN,      NaN,      NaN,      NaN,      NaN,      NaN,      NaN,      NaN,      NaN,      NaN,      NaN, -5748.19,-11837.06, -5328.29,-11696.18, -4923.60,-11693.43, -4454.56,-11728.70, -3841.59,-11886.61, -3160.28,-12024.11, -2471.91,-12118.88, -1757.67,-12215.30, -1034.58,-12291.34,  -414.41,-12358.37,   191.75,-12386.66,   636.24,-12485.44,  1054.22,-12619.62,  1478.37,-12848.62,      NaN,      NaN,      NaN,      NaN,      NaN,      NaN,      NaN,      NaN,      NaN,      NaN,      NaN,      NaN,      NaN,      NaN,      NaN,      NaN,      NaN,      NaN,      NaN,      NaN
      NaN,      NaN,      NaN,      NaN,      NaN,      NaN,      NaN,      NaN,      NaN,      NaN,      NaN,      NaN,      NaN,      NaN,      NaN,      NaN,      NaN,      NaN,      NaN,      NaN,      NaN,      NaN,      NaN,      NaN,      NaN,      NaN,      NaN,      NaN,      NaN,      NaN,      NaN,      NaN, -6638.02,-11022.23, -6089.62,-10817.98, -5620.49,-10673.72, -5091.82,-10631.47, -4498.50,-10674.59, -3837.20,-10782.93, -3114.90,-10916.56, -2350.94,-11041.57, -1566.94,-11144.27,  -785.76,-11223.71,   -36.26,-11288.79,   645.31,-11362.95,  1220.96,-11490.30,  1696.73,-11688.30,  2109.48,-11950.73,  2585.00,-12273.20,      NaN,      NaN,      NaN,      NaN,      NaN,      NaN,      NaN,      NaN,      NaN,      NaN,      NaN,      NaN,      NaN,      NaN,      NaN,      NaN,      NaN,      NaN
      NaN,      NaN,      NaN,      NaN,      NaN,      NaN,      NaN,      NaN,      NaN,      NaN,      NaN,      NaN,      NaN,      NaN,      NaN,      NaN,      NaN,      NaN,      NaN,      NaN,      NaN,      NaN,      NaN,      NaN,      NaN,      NaN,      NaN,      NaN,      NaN,      NaN,      NaN,      NaN, -7104.77,-10033.38, -6540.62, -9814.05, -5944.65, -9618.63, -5293.63, -9543.50, -4594.87, -9572.38, -3839.76, -9706.95, -3049.34, -9866.07, -2247.60, -9998.65, -1428.96,-10105.07,  -587.97,-10189.33,   259.76,-10261.22,  1108.95,-10330.84,  1726.19,-10513.46,  2281.60,-10775.90,  2798.95,-11101.29,  3304.31,-11440.57,      NaN,      NaN,      NaN,      NaN,      NaN,      NaN,      NaN,      NaN,      NaN,      NaN,      NaN,      NaN,      NaN,      NaN,      NaN,      NaN,      NaN,      NaN
      NaN,      NaN,      NaN,      NaN,      NaN,      NaN,      NaN,      NaN,      NaN,      NaN,      NaN,      NaN,      NaN,      NaN,      NaN,      NaN,      NaN,      NaN,      NaN,      NaN,      NaN,      NaN,      NaN,      NaN,      NaN,      NaN,      NaN,      NaN,      NaN,      NaN,      NaN,      NaN, -7784.22, -8896.35, -7068.43, -8710.37, -6362.07, -8490.01, -5619.42, -8401.82, -4851.31, -8406.49, -3916.43, -8687.66, -2997.01, -8921.71, -2196.22, -9035.65, -1372.84, -9148.25,  -438.48, -9239.43,   494.43, -9310.26,  1417.05, -9363.55,  2132.06, -9576.71,  2785.89, -9886.51,  3405.60,-10264.13,  4139.13,-10559.90,      NaN,      NaN,      NaN,      NaN,      NaN,      NaN,      NaN,      NaN,      NaN,      NaN,      NaN,      NaN,      NaN,      NaN,      NaN,      NaN,      NaN,      NaN
      NaN,      NaN,      NaN,      NaN,      NaN,      NaN,      NaN,      NaN,      NaN,      NaN,      NaN,      NaN,      NaN,      NaN,      NaN,      NaN,      NaN,      NaN,      NaN,      NaN,      NaN,      NaN,      NaN,      NaN,      NaN,      NaN,      NaN,      NaN,      NaN,      NaN,      NaN,      NaN, -8317.83, -7606.37, -7454.08, -7537.10, -6587.46, -7407.60, -5739.85, -7347.49, -4894.21, -7359.83, -3878.03, -7798.41, -2942.20, -7971.01, -2081.42, -8069.73, -1216.03, -8208.31,  -287.03, -8360.48,   717.53, -8430.58,  1733.48, -8445.78,  2615.41, -8607.72,  3431.76, -8903.28,  4303.76, -9213.55,  5186.87, -9333.16,      NaN,      NaN,      NaN,      NaN,      NaN,      NaN,      NaN,      NaN,      NaN,      NaN,      NaN,      NaN,      NaN,      NaN,      NaN,      NaN,      NaN,      NaN
      NaN,      NaN,      NaN,      NaN,      NaN,      NaN,      NaN,      NaN,      NaN,      NaN,      NaN,      NaN,      NaN,      NaN,      NaN,      NaN,      NaN,      NaN,      NaN,      NaN,      NaN,      NaN,      NaN,      NaN,      NaN,      NaN,      NaN,      NaN,      NaN,      NaN,      NaN,      NaN, -8697.94, -6194.34, -7764.65, -6229.21, -6743.03, -6290.11, -5807.55, -6292.84, -4897.25, -6338.49, -3866.50, -6829.00, -2890.91, -6969.48, -1958.30, -7080.27, -1016.57, -7228.23,    -6.68, -7384.90,  1038.71, -7501.72,  2133.16, -7564.43,  3221.09, -7606.80,  4403.02, -7541.56,  5467.33, -7591.61,  6840.49, -7144.34,      NaN,      NaN,      NaN,      NaN,      NaN,      NaN,      NaN,      NaN,      NaN,      NaN,      NaN,      NaN,      NaN,      NaN,      NaN,      NaN,      NaN,      NaN
      NaN,      NaN,      NaN,      NaN,      NaN,      NaN,      NaN,      NaN,      NaN,      NaN,      NaN,      NaN,      NaN,      NaN,      NaN,      NaN,      NaN,      NaN,      NaN,      NaN,      NaN,      NaN,      NaN,      NaN,      NaN,      NaN,      NaN,      NaN,      NaN,      NaN,      NaN,      NaN, -9108.60, -4098.99, -8125.26, -4501.65, -7117.09, -4623.03, -6178.55, -4824.68, -5156.12, -5172.96, -3904.24, -5762.43, -2847.58, -5959.53, -1854.20, -6100.11,  -863.24, -6251.22,   155.06, -6387.92,  1201.41, -6488.28,  2300.79, -6536.49,  3465.32, -6539.12,  4997.97, -6111.88,  6802.75, -5163.30,  7975.32, -4829.35,      NaN,      NaN,      NaN,      NaN,      NaN,      NaN,      NaN,      NaN,      NaN,      NaN,      NaN,      NaN,      NaN,      NaN,      NaN,      NaN,      NaN,      NaN
      NaN,      NaN,      NaN,      NaN,      NaN,      NaN,      NaN,      NaN,      NaN,      NaN,      NaN,      NaN,      NaN,      NaN,      NaN,      NaN,      NaN,      NaN,      NaN,      NaN,      NaN,      NaN,      NaN,      NaN,      NaN,      NaN,      NaN,      NaN,      NaN,      NaN,      NaN,      NaN, -8824.34, -1305.17, -8066.99, -2457.81, -7095.11, -3029.94, -6006.90, -3655.08, -4922.68, -4136.67, -3777.18, -4718.25, -2746.31, -4962.10, -1742.48, -5138.36,  -740.94, -5295.32,   269.09, -5417.31,  1305.79, -5492.67,  2365.15, -5511.16,  3485.60, -5467.26,  4811.89, -5091.99,  6446.47, -4225.37,  7897.65, -3359.07,      NaN,      NaN,      NaN,      NaN,      NaN,      NaN,      NaN,      NaN,      NaN,      NaN,      NaN,      NaN,      NaN,      NaN,      NaN,      NaN,      NaN,      NaN
      NaN,      NaN,      NaN,      NaN,      NaN,      NaN,      NaN,      NaN,      NaN,      NaN,      NaN,      NaN,      NaN,      NaN,      NaN,      NaN,      NaN,      NaN,      NaN,      NaN,      NaN,      NaN,      NaN,      NaN,      NaN,      NaN,      NaN,      NaN,      NaN,      NaN,      NaN,      NaN, -8114.71,   879.43, -7538.47,   146.32, -6764.47, -1765.34, -5650.86, -2576.23, -4660.77, -3170.72, -3636.31, -3683.61, -2613.80, -3987.94, -1614.86, -4199.27,  -626.46, -4365.21,   364.03, -4482.22,  1370.40, -4533.12,  2415.47, -4512.25,  3673.52, -4337.15,  4845.48, -3956.66,  5927.74, -3414.75,  7257.88, -2615.12,      NaN,      NaN,      NaN,      NaN,      NaN,      NaN,      NaN,      NaN,      NaN,      NaN,      NaN,      NaN,      NaN,      NaN,      NaN,      NaN,      NaN,      NaN
      NaN,      NaN,      NaN,      NaN,      NaN,      NaN,      NaN,      NaN,      NaN,      NaN,      NaN,      NaN,      NaN,      NaN,      NaN,      NaN,      NaN,      NaN,      NaN,      NaN,      NaN,      NaN,      NaN,      NaN,      NaN,      NaN,      NaN,      NaN,      NaN,      NaN,      NaN,      NaN, -7149.68,  1753.86, -6547.26,   199.35, -5996.66,  -899.85, -5168.12, -1662.35, -4276.73, -2245.47, -3347.00, -2716.62, -2399.16, -3048.06, -1452.38, -3286.31,  -505.79, -3458.56,   446.75, -3570.81,  1412.38, -3616.64,  2400.12, -3573.96,  3518.35, -3322.08,  4519.61, -2975.64,  5462.78, -2491.24,  6403.62, -1933.15,      NaN,      NaN,      NaN,      NaN,      NaN,      NaN,      NaN,      NaN,      NaN,      NaN,      NaN,      NaN,      NaN,      NaN,      NaN,      NaN,      NaN,      NaN
      NaN,      NaN,      NaN,      NaN,      NaN,      NaN,      NaN,      NaN,      NaN,      NaN,      NaN,      NaN,      NaN,      NaN,      NaN,      NaN,      NaN,      NaN,      NaN,      NaN,      NaN,      NaN,      NaN,      NaN,      NaN,      NaN,      NaN,      NaN,      NaN,      NaN,      NaN,      NaN, -6325.78,  1630.62, -5865.33,   626.14, -5306.69,  -152.78, -4600.40,  -823.07, -3814.42, -1369.79, -2988.01, -1813.68, -2133.23, -2150.25, -1262.55, -2397.48,  -381.12, -2569.34,   510.95, -2670.85,  1416.67, -2699.58,  2336.08, -2636.54,  3252.97, -2409.01,  4135.04, -2067.97,  4972.09, -1616.91,  5790.07, -1125.73,      NaN,      NaN,      NaN,      NaN,      NaN,      NaN,      NaN,      NaN,      NaN,      NaN,      NaN,      NaN,      NaN,      NaN,      NaN,      NaN,      NaN,      NaN
      NaN,      NaN,      NaN,      NaN,      NaN,      NaN,      NaN,      NaN,      NaN,      NaN,      NaN,      NaN,      NaN,      NaN,      NaN,      NaN,      NaN,      NaN,      NaN,      NaN,      NaN,      NaN,      NaN,      NaN,      NaN,      NaN,      NaN,      NaN,      NaN,      NaN,      NaN,      NaN, -5562.71,  2037.38, -5140.70,  1242.28, -4629.67,   560.58, -4015.75,   -30.64, -3330.75,  -537.72, -2602.12,  -956.33, -1840.71, -1284.07, -1056.78, -1527.70,  -257.00, -1693.97,   553.91, -1784.59,  1373.49, -1795.25,  2195.12, -1714.58,  2983.59, -1515.02,  3750.72, -1201.83,  4482.37,  -786.64,  5199.33,  -338.62,      NaN,      NaN,      NaN,      NaN,      NaN,      NaN,      NaN,      NaN,      NaN,      NaN,      NaN,      NaN,      NaN,      NaN,      NaN,      NaN,      NaN,      NaN
      NaN,      NaN,      NaN,      NaN,      NaN,      NaN,      NaN,      NaN,      NaN,      NaN,      NaN,      NaN,      NaN,      NaN,      NaN,      NaN,      NaN,      NaN,      NaN,      NaN,      NaN,      NaN,      NaN,      NaN,      NaN,      NaN,      NaN,      NaN,      NaN,      NaN,      NaN,      NaN, -4723.40,  2624.11, -4371.25,  1979.40, -3964.17,  1297.98, -3425.06,   734.54, -2830.88,   260.61, -2196.60,  -131.28, -1529.54,  -440.79,  -839.79,  -671.50,  -133.21,  -827.90,   583.27,  -907.93,  1303.73,  -907.47,  2016.18,  -820.38,  2706.52,  -636.93,  3371.50,  -357.86,  3997.51,    11.63,  4614.82,   416.91,      NaN,      NaN,      NaN,      NaN,      NaN,      NaN,      NaN,      NaN,      NaN,      NaN,      NaN,      NaN,      NaN,      NaN,      NaN,      NaN,      NaN,      NaN
      NaN,      NaN,      NaN,      NaN,      NaN,      NaN,      NaN,      NaN,      NaN,      NaN,      NaN,      NaN,      NaN,      NaN,      NaN,      NaN,      NaN,      NaN,      NaN,      NaN,      NaN,      NaN,      NaN,      NaN,      NaN,      NaN,      NaN,      NaN,      NaN,      NaN,      NaN,      NaN, -3775.84,  3070.30, -3512.86,  2498.67, -3196.62,  1921.32, -2796.50,  1443.17, -2305.70,  1020.34, -1769.41,   664.16, -1202.23,   378.93,  -614.07,   166.35,    -7.14,    27.34,   608.98,   -39.43,  1226.79,   -32.10,  1834.49,    52.54,  2425.58,   218.11,  2990.94,   464.13,  3521.80,   788.01,  4037.20,  1140.97,      NaN,      NaN,      NaN,      NaN,      NaN,      NaN,      NaN,      NaN,      NaN,      NaN,      NaN,      NaN,      NaN,      NaN,      NaN,      NaN,      NaN,      NaN
      NaN,      NaN,      NaN,      NaN,      NaN,      NaN,      NaN,      NaN,      NaN,      NaN,      NaN,      NaN,      NaN,      NaN,      NaN,      NaN,      NaN,      NaN,      NaN,      NaN,      NaN,      NaN,      NaN,      NaN,      NaN,      NaN,      NaN,      NaN,      NaN,      NaN, -2947.51,  3483.52, -2815.21,  3370.09, -2624.66,  2900.65, -2418.02,  2480.98, -2136.13,  2116.30, -1746.74,  1747.80, -1314.38,  1436.31,  -852.62,  1187.13,  -367.27,  1001.53,   133.37,   880.22,   641.29,   824.46,  1151.23,   834.72,  1652.34,   911.69,  2139.66,  1056.37,  2604.56,  1267.59,  3040.01,  1543.51,  3420.60,  1815.22,  3672.22,  1970.14,      NaN,      NaN,      NaN,      NaN,      NaN,      NaN,      NaN,      NaN,      NaN,      NaN,      NaN,      NaN,      NaN,      NaN,      NaN,      NaN
      NaN,      NaN,      NaN,      NaN,      NaN,      NaN,      NaN,      NaN,      NaN,      NaN,      NaN,      NaN,      NaN,      NaN,      NaN,      NaN,      NaN,      NaN,      NaN,      NaN,      NaN,      NaN,      NaN,      NaN,      NaN,      NaN,      NaN,      NaN, -1776.61,  4378.34, -1866.84,  3865.82, -1848.36,  3654.42, -1718.14,  3406.63, -1611.02,  3060.08, -1410.24,  2731.39, -1134.70,  2432.34,  -816.75,  2182.76,  -467.56,  1980.80,   -96.40,  1831.08,   289.90,  1733.96,   683.93,  1690.60,  1079.06,  1701.40,  1468.70,  1766.32,  1846.49,  1885.02,  2206.13,  2056.48,  2541.50,  2278.82,  2831.24,  2504.44,  3018.43,  2747.49,  3202.31,  3191.45,      NaN,      NaN,      NaN,      NaN,      NaN,      NaN,      NaN,      NaN,      NaN,      NaN,      NaN,      NaN,      NaN,      NaN
  2208.76,  5751.42,  2044.85,  5884.03,  1789.37,  6047.87,  1509.63,  6161.00,  1212.67,  6221.50,   908.77,  6229.18,   607.19,  6186.00,   316.52,  6094.88,    44.51,  5959.34,  -202.30,  5784.05,  -418.71,  5574.81,  -600.68,  5337.99,  -745.27,  5080.27,  -851.30,  4808.84,  -893.92,  4483.75,  -933.34,  4212.17,  -924.38,  3942.18,  -857.30,  3711.45,  -767.72,  3469.16,  -642.16,  3252.39,  -474.60,  3056.32,  -276.45,  2896.53,   -46.48,  2760.16,   203.72,  2656.24,   467.44,  2589.38,   737.68,  2561.66,  1009.42,  2572.48,  1279.04,  2621.48,  1539.82,  2708.78,  1787.56,  2833.46,  2016.77,  2993.76,  2210.16,  3176.02,  2363.76,  3402.98,  2499.75,  3690.84,  2649.79,  4012.20,  2703.82,  4303.55,  2711.83,  4599.84,  2671.28,  4893.91,  2581.60,  5177.71,  2442.70,  5445.02,  2327.30,  5620.40
  1571.55,  5023.78,  1460.49,  5126.84,  1333.17,  5208.86,  1191.83,  5265.80,  1042.03,  5296.13,   888.93,  5299.56,   737.04,  5277.61,   590.67,  5231.69,   453.85,  5163.27,   329.79,  5074.87,   221.07,  4969.43,   129.70,  4850.16,    57.18,  4720.42,     4.36,  4583.67,   -29.28,  4443.81,   -40.44,  4301.85,   -30.88,  4161.94,    -1.76,  4027.25,    47.13,  3899.91,   113.06,  3783.71,   196.55,  3682.67,   292.11,  3602.30,   404.69,  3534.68,   530.71,  3482.58,   664.39,  3450.31,   801.15,  3439.97,   939.26,  3450.62,  1078.47,  3480.21,  1213.15,  3530.29,  1340.43,  3599.61,  1457.10,  3687.27,  1560.38,  3791.68,  1647.64,  3910.85,  1716.48,  4042.37,  1765.12,  4183.14,  1792.68,  4329.61,  1797.11,  4478.63,  1776.80,  4626.75,  1731.84,  4769.76,  1662.74,  4903.33,  1571.55,  5023.78
   869.72,  4356.98,   869.72,  4356.98,   869.72,  4356.98,   869.72,  4356.98,   869.72,  4356.98,   869.72,  4356.98,   869.72,  4356.98,   869.72,  4356.98,   869.72,  4356.98,   869.72,  4356.98,   869.72,  4356.98,   869.72,  4356.98,   869.72,  4356.98,   869.72,  4356.98,   869.72,  4356.98,   869.72,  4356.98,   869.72,  4356.98,   869.72,  4356.98,   869.72,  4356.98,   869.72,  4356.98,   869.72,  4356.98,   869.72,  4356.98,   869.72,  4356.98,   869.72,  4356.98,   869.72,  4356.98,   869.72,  4356.98,   869.72,  4356.98,   869.72,  4356.98,   869.72,  4356.98,   869.72,  4356.98,   869.72,  4356.98,   869.72,  4356.98,   869.72,  4356.98,   869.72,  4356.98,   869.72,  4356.98,   869.72,  4356.98,   869.72,  4356.98,   869.72,  4356.98,   869.72,  4356.98,   869.72,  4356.98,   869.72,  4356.98
第2部分:
堺（12点）：
 -60.0,  80.0
 -60.0, 180.0
 -90.0, 180.0
 -90.0,-180.0
 -60.0,-180.0
 -60.0,-100.0
 -10.0,-100.0
  40.0,-150.0
  40.0,-180.0
  90.0,-180.0
  90.0,  80.0
 -60.0,  80.0
投影した点（21x41点）：
 20004.12,  -188.10, 20004.12,  -188.10, 20004.12,  -188.10, 20004.12,  -188.10, 20004.12,  -188.10, 20004.12,  -188.10, 20004.12,  -188.10, 20004.12,  -188.10, 20004.12,  -188.10, 20004.12,  -188.10, 20004.12,  -188.10, 20004.12,  -188.10, 20004.12,  -188.10, 20004.12,  -188.10, 20004.12,  -188.10, 20004.12,  -188.10, 20004.12,  -188.10, 20004.12,  -188.10, 20004.12,  -188.10, 20004.12,  -188.10, 20004.12,  -188.10, 20004.12,  -188.10, 20004.12,  -188.10, 20004.12,  -188.10, 20004.12,  -188.10, 20004.12,  -188.10, 20004.12,  -188.10, 20004.12,  -188.10, 20004.12,  -188.10, 20004.12,  -188.10, 20004.12,  -188.10, 20004.12,  -188.10, 20004.12,  -188.10, 20004.12,  -188.10, 20004.12,  -188.10, 20004.12,  -188.10, 20004.12,  -188.10, 20004.12,  -188.10, 20004.12,  -188.10, 20004.12,  -188.10, 20004.12,  -188.10
 19128.41,   241.57, 19209.55,   374.14, 19303.99,   496.17, 19417.67,   599.89, 19546.63,   684.05, 19687.48,   746.55, 19836.58,   785.86, 19990.15,   801.03, 20144.32,   791.68, 20295.20,   758.08, 20439.03,   701.08, 20572.21,   622.11, 20691.42,   523.11, 20793.69,   406.55, 20876.46,   275.27, 20937.66,   132.53, 20975.76,   -18.13, 20989.80,  -172.98, 20979.41,  -328.16, 20944.84,  -479.82, 20886.93,  -624.23, 20807.09,  -757.79, 20707.31,  -877.19, 20590.07,  -979.47, 20458.33, -1062.12, 20315.36, -1123.10, 20164.73, -1160.95, 20010.15, -1174.76, 19855.45, -1164.20, 19704.46, -1129.60, 19560.90, -1071.86, 19428.32,  -992.47, 19309.97,  -893.43, 19208.75,  -777.22, 19127.15,  -646.73, 19067.17,  -505.23, 19030.30,  -356.25, 19017.46,  -203.57, 19028.98,   -51.06, 19069.58,    97.66, 19128.41,   241.57
 18267.90,   681.13, 18453.96,   945.22, 18738.22,  1416.76, 19034.83,  1835.54, 19336.26,  2256.53, 19607.01,  2603.44, 19888.66,  2910.68, 20172.82,  3165.65, 20460.24,  3364.51, 20762.78,  3531.63, 20976.47,  3289.64, 21086.66,  2481.72, 21320.96,  2290.14, 21573.29,   993.67, 21737.77,   732.78, 21859.39,   449.11, 21935.10,   149.70, 21962.99,  -158.02, 21942.34,  -466.41, 21873.63,  -767.83, 21758.53, -1054.81, 21599.87, -1320.23, 21401.57, -1557.52, 21168.61, -1760.80, 20906.80, -1925.06, 20622.69, -2046.27, 18382.00, -3189.42, 18082.45, -3173.07, 16720.74, -4011.11, 16197.12, -4168.17, 16276.95, -3810.56, 16385.99, -3455.84, 16548.74, -3055.99, 16746.95, -2613.60, 16990.66, -2116.35, 17226.14, -1603.44, 17449.66, -1101.10, 17687.01,  -563.32, 17903.53,   -62.35, 18142.43,   385.30, 18267.90,   681.13
 17362.55,  1154.74, 17720.71,  1694.18, 18128.62,  2298.02, 18549.19,  2976.55, 18947.72,  3606.58, 19336.82,  4180.33, 19723.88,  4692.08, 20114.70,  5135.45, 20515.53,  5502.76, 20933.11,  5785.98, 21374.21,  5978.48, 21448.18,  4673.68, 21467.79,  3504.58, 22156.30,  2816.14,      NaN,      NaN,      NaN,      NaN,      NaN,      NaN,      NaN,      NaN,      NaN,      NaN,      NaN,      NaN,      NaN,      NaN,      NaN,      NaN,      NaN,      NaN,      NaN,      NaN,      NaN,      NaN, 18730.13, -4100.74, 17319.28, -3985.67, 15433.91, -5321.10, 13226.58, -6777.77, 13281.51, -6273.40, 13498.89, -5735.97, 13844.80, -5147.94, 14274.08, -4500.23, 14740.28, -3793.37, 15202.42, -3038.84, 15646.01, -2256.90, 16069.24, -1470.30, 16458.38,  -704.48, 16819.36,    48.72, 17108.62,   691.14, 17362.55,  1154.74
 16491.90,  1702.03, 16882.37,  2264.22, 17300.25,  2985.62, 17711.28,  3682.08, 18126.42,  4336.25, 18553.08,  4942.01, 18996.17,  5494.39, 19461.72,  5986.55, 19957.16,  6407.82, 20487.30,  6745.53, 21053.12,  6983.97, 21478.61,  6922.74, 21437.28,  6293.49,      NaN,      NaN,      NaN,      NaN,      NaN,      NaN,      NaN,      NaN,      NaN,      NaN,      NaN,      NaN,      NaN,      NaN,      NaN,      NaN,      NaN,      NaN,      NaN,      NaN,      NaN,      NaN,      NaN,      NaN,      NaN,      NaN, 13276.24, -6135.01, 12398.69, -7034.27, 12048.80, -6848.23, 12104.76, -6193.33, 12367.52, -5512.75, 12780.05, -4810.64, 13277.13, -4083.03, 13794.13, -3325.64, 14268.18, -2543.68, 14719.83, -1732.16, 15164.19,  -890.76, 15514.61,  -166.08, 15842.22,   522.99, 16159.72,  1164.38, 16491.90,  1702.03
 15669.04,  2298.85, 16110.51,  2912.75, 16525.92,  3672.37, 16928.32,  4441.00, 17371.21,  5133.88, 17840.66,  5771.97, 18335.49,  6360.20, 18862.11,  6897.48, 19433.88,  7369.68, 20054.43,  7764.77, 20728.26,  8062.38, 21389.34,  8328.31,      NaN,      NaN,      NaN,      NaN,      NaN,      NaN,      NaN,      NaN,      NaN,      NaN,      NaN,      NaN,      NaN,      NaN,      NaN,      NaN,      NaN,      NaN,      NaN,      NaN,      NaN,      NaN,      NaN,      NaN,      NaN,      NaN,      NaN,      NaN,      NaN,      NaN, 10510.85, -7790.08, 10605.50, -7035.96, 10706.09, -6239.79, 11089.31, -5425.19, 11656.69, -4596.55, 12314.07, -3756.48, 12955.81, -2896.89, 13362.39, -2136.65, 13794.66, -1318.57, 14213.24,  -477.01, 14546.67,   247.34, 14899.53,   944.36, 15275.71,  1671.68, 15669.04,  2298.85
 14858.72,  2901.39, 15336.98,  3576.82, 15740.28,  4385.36, 16160.65,  5258.69, 16650.69,  5966.38, 17160.25,  6620.32, 17689.72,  7228.75, 18253.37,  7811.06, 18887.53,  8334.55, 19573.13,  8798.24, 20316.74,  9166.80, 21043.11,  9516.45,      NaN,      NaN,      NaN,      NaN,      NaN,      NaN,      NaN,      NaN,      NaN,      NaN,      NaN,      NaN,      NaN,      NaN,      NaN,      NaN,      NaN,      NaN,      NaN,      NaN,      NaN,      NaN,      NaN,      NaN,      NaN,      NaN,      NaN,      NaN,      NaN,      NaN,  8537.50, -7936.47,  8829.83, -7173.40,  9082.07, -6277.99,  9709.81, -5347.04, 10541.86, -4387.00, 11450.43, -3433.95, 12053.37, -2536.39, 12433.07, -1736.76, 12840.50,  -928.99, 13253.09,  -105.02, 13631.16,   677.96, 14022.89,  1430.66, 14427.99,  2193.59, 14858.72,  2901.39
 14050.74,  3514.85, 14531.84,  4296.64, 14937.20,  5158.23, 15384.33,  5930.31, 15884.51,  6658.11, 16420.13,  7356.98, 16997.86,  8017.26, 17616.71,  8623.87, 18290.20,  9177.70, 19014.05,  9708.36, 19783.37, 10190.57, 20557.96, 10610.24,      NaN,      NaN,      NaN,      NaN,      NaN,      NaN,      NaN,      NaN,      NaN,      NaN,      NaN,      NaN,      NaN,      NaN,      NaN,      NaN,      NaN,      NaN,      NaN,      NaN,      NaN,      NaN,      NaN,      NaN,      NaN,      NaN,      NaN,      NaN,      NaN,      NaN,  5778.07, -7592.77,  6583.40, -7125.49,  7188.14, -6261.60,  8254.38, -5250.06,  9474.02, -4129.14, 10533.23, -3085.42, 11106.39, -2168.63, 11509.79, -1326.33, 11929.29,  -497.13, 12347.45,   327.61, 12755.35,  1138.11, 13174.35,  1932.48, 13598.81,  2730.26, 14050.74,  3514.85
 13208.95,  4059.89, 13665.87,  4879.20, 14092.95,  5699.95, 14565.39,  6491.71, 15089.50,  7257.89, 15658.10,  8002.72, 16276.23,  8704.74, 16946.53,  9359.51, 17669.09,  9961.56, 18424.85, 10528.47, 19210.08, 11080.19, 20031.38, 11596.86,      NaN,      NaN,      NaN,      NaN,      NaN,      NaN,      NaN,      NaN,      NaN,      NaN,      NaN,      NaN,      NaN,      NaN,      NaN,      NaN,      NaN,      NaN,      NaN,      NaN,      NaN,      NaN,      NaN,      NaN,      NaN,      NaN,      NaN,      NaN,      NaN,      NaN,  3034.82, -6964.20,  3465.32, -6539.12,  4997.97, -6111.88,  6802.75, -5163.30,  8697.66, -3690.80,  9504.61, -2764.83, 10159.29, -1787.08, 10608.83,  -908.98, 11051.32,   -60.48, 11483.23,   776.76, 11907.52,  1605.18, 12337.06,  2425.40, 12762.50,  3244.04, 13208.95,  4059.89
 12356.13,  4559.95, 12802.35,  5390.80, 13245.14,  6221.43, 13735.70,  7045.44, 14281.52,  7842.79, 14868.78,  8628.71, 15506.31,  9375.77, 16181.97, 10080.74, 16913.44, 10747.45, 17719.06, 11373.19, 18565.11, 11961.56, 19380.79, 12516.52,      NaN,      NaN,      NaN,      NaN,      NaN,      NaN,      NaN,      NaN,      NaN,      NaN,      NaN,      NaN,      NaN,      NaN,      NaN,      NaN,      NaN,      NaN,      NaN,      NaN,      NaN,      NaN,      NaN,      NaN,      NaN,      NaN,      NaN,      NaN,      NaN,      NaN,  2331.14, -5660.53,  3485.60, -5467.26,  4811.89, -5091.99,  6446.47, -4225.37,  7925.50, -3064.69,  8624.09, -2216.51,  9237.78, -1348.49,  9748.93,  -470.90, 10209.68,   387.76, 10648.65,  1233.44, 11078.46,  2071.53, 11505.29,  2904.89, 11924.81,  3734.22, 12356.13,  4559.95
 11498.25,  5046.88, 11934.04,  5886.74, 12377.20,  6733.13, 12873.71,  7594.97, 13450.71,  8417.62, 14043.90,  9227.40, 14656.26, 10013.03, 15328.95, 10777.76, 16103.57, 11513.46, 16968.51, 12197.94, 17809.26, 12797.45, 18697.90, 13404.24,      NaN,      NaN,      NaN,      NaN,      NaN,      NaN,      NaN,      NaN,      NaN,      NaN,      NaN,      NaN,      NaN,      NaN,      NaN,      NaN,      NaN,      NaN,      NaN,      NaN,      NaN,      NaN,      NaN,      NaN,      NaN,      NaN,      NaN,      NaN,      NaN,      NaN,  2452.51, -4630.65,  3673.52, -4337.15,  4845.48, -3956.66,  5927.74, -3414.75,  7114.46, -2448.64,  7806.58, -1636.54,  8409.71,  -812.33,  8933.36,    23.88,  9403.26,   861.85,  9835.15,  1699.01, 10251.18,  2532.84, 10667.11,  3367.93, 11080.05,  4206.95, 11498.25,  5046.88
 10621.36,  5522.60, 11035.72,  6352.24, 11463.22,  7218.55, 11936.60,  8099.98, 12494.65,  8943.18, 13066.36,  9774.99, 13686.49, 10607.23, 14393.57, 11439.41, 15204.61, 12243.02, 16042.60, 12938.13, 16970.14, 13613.23,      NaN,      NaN,      NaN,      NaN,      NaN,      NaN,      NaN,      NaN,      NaN,      NaN,      NaN,      NaN,      NaN,      NaN,      NaN,      NaN,      NaN,      NaN,      NaN,      NaN,      NaN,      NaN,      NaN,      NaN,      NaN,      NaN,      NaN,      NaN,      NaN,      NaN,      NaN,      NaN,  2440.95, -3639.85,  3518.35, -3322.08,  4519.61, -2975.64,  5462.78, -2491.24,  6363.27, -1766.10,  7048.15, -1016.64,  7639.86,  -243.08,  8156.30,   551.74,  8622.94,  1355.22,  9032.49,  2175.93,  9434.53,  2999.55,  9833.57,  3827.75, 10220.56,  4666.58, 10621.36,  5522.60
  9687.98,  5954.74, 10045.40,  6795.09, 10459.79,  7652.64, 10863.98,  8527.00, 11336.91,  9383.59, 11991.56, 10254.97, 12635.33, 11146.94, 13352.12, 12037.00, 14169.92, 12841.66, 15065.02, 13638.17,      NaN,      NaN,      NaN,      NaN,      NaN,      NaN,      NaN,      NaN,      NaN,      NaN,      NaN,      NaN,      NaN,      NaN,      NaN,      NaN,      NaN,      NaN,      NaN,      NaN,      NaN,      NaN,      NaN,      NaN,      NaN,      NaN,      NaN,      NaN,      NaN,      NaN,      NaN,      NaN,      NaN,      NaN,  2345.77, -2691.74,  3252.97, -2409.01,  4135.04, -2067.97,  4972.09, -1616.91,  5716.00, -1020.78,  6363.46,  -353.88,  6929.24,   357.57,  7416.66,  1103.75,  7868.52,  1865.21,  8219.77,  2658.13,  8605.16,  3465.11,  8984.25,  4272.21,  9329.30,  5093.54,  9687.98,  5954.74
  8641.53,  6407.62,  9043.73,  7243.12,  9476.74,  8072.30,  9878.90,  8920.41, 10336.02,  9790.27, 10900.01, 10689.17, 11495.45, 11606.19, 12240.01, 12494.85, 13030.60, 13399.99,      NaN,      NaN,      NaN,      NaN,      NaN,      NaN,      NaN,      NaN,      NaN,      NaN,      NaN,      NaN,      NaN,      NaN,      NaN,      NaN,      NaN,      NaN,      NaN,      NaN,      NaN,      NaN,      NaN,      NaN,      NaN,      NaN,      NaN,      NaN,      NaN,      NaN,      NaN,      NaN,      NaN,      NaN,      NaN,      NaN,  2191.77, -1782.55,  2983.59, -1515.02,  3750.72, -1201.83,  4482.37,  -786.64,  5132.03,  -270.49,  5720.16,   325.32,  6247.48,   980.20,  6709.44,  1682.93,  7134.33,  2423.12,  7448.93,  3202.11,  7782.27,  3971.35,  8126.32,  4746.08,  8373.85,  5530.21,  8641.53,  6407.62
  7599.78,  6939.72,  8036.34,  7717.68,  8489.91,  8504.01,  8878.77,  9302.22,  9288.83, 10148.86,  9738.26, 11023.00, 10346.51, 11957.98, 11013.01, 12894.28,      NaN,      NaN,      NaN,      NaN,      NaN,      NaN,      NaN,      NaN,      NaN,      NaN,      NaN,      NaN,      NaN,      NaN,      NaN,      NaN,      NaN,      NaN,      NaN,      NaN,      NaN,      NaN,      NaN,      NaN,      NaN,      NaN,      NaN,      NaN,      NaN,      NaN,      NaN,      NaN,      NaN,      NaN,      NaN,      NaN,      NaN,      NaN,  2022.64,  -880.63,  2706.52,  -636.93,  3371.50,  -357.86,  3997.51,    11.63,  4569.76,   467.23,  5087.80,   996.75,  5551.04,  1588.65,  5960.30,  2234.26,  6313.43,  2927.48,  6598.31,  3662.72,  6869.55,  4421.46,  7109.82,  5209.14,  7247.94,  6053.55,  7599.78,  6939.72
  6015.30,  7233.92,  6459.10,  8014.12,  7158.78,  8869.63,  7779.36,  9689.99,  8169.76, 10457.34,  8667.08, 11335.53,  9159.46, 12250.00,      NaN,      NaN,      NaN,      NaN,      NaN,      NaN,      NaN,      NaN,      NaN,      NaN,      NaN,      NaN,      NaN,      NaN,      NaN,      NaN,      NaN,      NaN,      NaN,      NaN,      NaN,      NaN,      NaN,      NaN,      NaN,      NaN,      NaN,      NaN,      NaN,      NaN,      NaN,      NaN,      NaN,      NaN,      NaN,      NaN,      NaN,      NaN,      NaN,      NaN,  1845.52,     4.50,  2425.58,   218.11,  2990.94,   464.13,  3521.80,   788.01,  4010.13,  1185.62,  4451.48,  1650.09,  4842.70,  2174.42,  5181.53,  2752.61,  5458.60,  3380.32,  5674.64,  4056.08,  5830.37,  4778.17,  5844.35,  5556.41,  5779.44,  6358.26,  6015.30,  7233.92
  4006.71,  6896.76,  3548.21,  7412.25,  5229.48,  8380.08,  6141.90,  9196.28,  6877.30,  9911.76,  6872.62, 10320.52,      NaN,      NaN,      NaN,      NaN,      NaN,      NaN,      NaN,      NaN,      NaN,      NaN,      NaN,      NaN,      NaN,      NaN,      NaN,      NaN,      NaN,      NaN,      NaN,      NaN,      NaN,      NaN,      NaN,      NaN,      NaN,      NaN,      NaN,      NaN,      NaN,      NaN,      NaN,      NaN,      NaN,      NaN,      NaN,      NaN,      NaN,      NaN,      NaN,      NaN,  1392.46,   731.25,  1697.84,   890.24,  2139.66,  1056.37,  2604.56,  1267.59,  3040.01,  1543.51,  3439.56,  1880.95,  3797.71,  2275.56,  4109.38,  2722.56,  4369.14,  3217.32,  4570.07,  3755.86,  4700.86,  4334.23,  4751.43,  4948.05,  4675.13,  5607.51,  4436.01,  6266.37,  4006.71,  6896.76
  3118.68,  6288.95,  2761.62,  6654.82,  3205.17,  7278.43,  3693.64,  7861.15,  4035.42,  8122.76,  2852.63,  7432.24,      NaN,      NaN,      NaN,      NaN,      NaN,      NaN,      NaN,      NaN,      NaN,      NaN,      NaN,      NaN,      NaN,      NaN,      NaN,      NaN,      NaN,      NaN,      NaN,      NaN,      NaN,      NaN,      NaN,      NaN,      NaN,      NaN,      NaN,      NaN,      NaN,      NaN,      NaN,      NaN,      NaN,      NaN,      NaN,      NaN,      NaN,      NaN,   897.80,  1687.88,  1239.67,  1670.80,  1516.23,  1741.96,  1846.49,  1885.02,  2206.13,  2056.48,  2541.50,  2278.82,  2846.80,  2549.38,  3116.44,  2864.69,  3344.83,  3220.67,  3525.98,  3612.72,  3652.99,  4035.63,  3717.64,  4483.26,  3709.53,  4947.83,  3605.70,  5416.04,  3414.04,  5870.94,  3118.68,  6288.95
  2311.59,  5665.59,  2076.37,  5890.13,  1961.65,  6070.31,  1910.26,  6226.50,  1932.89,  6392.86,   908.77,  6229.18,   607.19,  6186.00,   316.52,  6094.88,    44.51,  5959.34,  -202.30,  5784.05,  -418.71,  5574.81,  -600.68,  5337.99,  -745.27,  5080.27,  -851.30,  4808.84,  -916.67,  4529.48,  -940.04,  4247.79,  -921.53,  3969.58,  -863.07,  3701.22,  -766.84,  3448.51,  -634.48,  3218.13,  -470.72,  3019.25,  -276.59,  2853.85,   -53.43,  2720.26,   195.57,  2618.36,   460.56,  2554.92,   778.84,  2561.00,  1038.00,  2563.01,  1292.34,  2610.56,  1539.82,  2708.78,  1787.56,  2833.46,  2016.77,  2993.76,  2222.78,  3187.27,  2401.04,  3410.92,  2547.06,  3661.03,  2656.40,  3933.20,  2724.58,  4222.30,  2747.17,  4522.28,  2719.18,  4825.59,  2636.69,  5123.34,  2500.55,  5407.06,  2311.59,  5665.59
  1571.55,  5023.78,  1460.49,  5126.84,  1333.17,  5208.86,  1191.83,  5265.80,  1042.03,  5296.13,   888.93,  5299.56,   737.04,  5277.61,   590.67,  5231.69,   453.85,  5163.27,   329.79,  5074.87,   221.07,  4969.43,   129.70,  4850.16,    57.18,  4720.42,     4.36,  4583.67,   -29.28,  4443.81,   -40.44,  4301.85,   -30.88,  4161.94,    -1.76,  4027.25,    47.13,  3899.91,   113.06,  3783.71,   196.55,  3682.67,   292.11,  3602.30,   404.69,  3534.68,   530.71,  3482.58,   664.39,  3450.31,   801.15,  3439.97,   939.26,  3450.62,  1078.47,  3480.21,  1213.15,  3530.29,  1340.43,  3599.61,  1457.10,  3687.27,  1560.38,  3791.68,  1647.64,  3910.85,  1716.48,  4042.37,  1765.12,  4183.14,  1792.68,  4329.61,  1797.11,  4478.63,  1776.80,  4626.75,  1731.84,  4769.76,  1662.74,  4903.33,  1571.55,  5023.78
   869.72,  4356.98,   869.72,  4356.98,   869.72,  4356.98,   869.72,  4356.98,   869.72,  4356.98,   869.72,  4356.98,   869.72,  4356.98,   869.72,  4356.98,   869.72,  4356.98,   869.72,  4356.98,   869.72,  4356.98,   869.72,  4356.98,   869.72,  4356.98,   869.72,  4356.98,   869.72,  4356.98,   869.72,  4356.98,   869.72,  4356.98,   869.72,  4356.98,   869.72,  4356.98,   869.72,  4356.98,   869.72,  4356.98,   869.72,  4356.98,   869.72,  4356.98,   869.72,  4356.98,   869.72,  4356.98,   869.72,  4356.98,   869.72,  4356.98,   869.72,  4356.98,   869.72,  4356.98,   869.72,  4356.98,   869.72,  4356.98,   869.72,  4356.98,   869.72,  4356.98,   869.72,  4356.98,   869.72,  4356.98,   869.72,  4356.98,   869.72,  4356.98,   869.72,  4356.98,   869.72,  4356.98,   869.72,  4356.98,   869.72,  4356.98
投影した境（261点）：
  6951.99,  7134.93
  6870.42,  7257.96
  6719.44,  7419.06
  6525.26,  7585.74
  6252.21,  7789.34
  5105.04,  8554.12
  4739.32,  8771.21
  4369.07,  8969.28
  3955.15,  9170.19
  3552.72,  9348.74
  3246.69,  9469.61
  2944.80,  9573.86
  2565.04,  9685.60
  2197.52,  9774.89
  1845.15,  9843.63
  1508.02,  9887.79
  1101.60, 10155.55
   722.41, 10370.95
    99.13, 10674.55
  -129.42, 10772.94
  -403.72, 10879.14
  -855.29, 11030.99
 -1298.95, 11150.67
 -1872.40, 11263.18
 -2315.05, 11322.28
 -2797.15, 11353.63
 -3224.70, 11354.31
 -3812.90, 11310.05
 -4228.08, 11252.17
 -4476.96, 11203.01
 -4768.26, 11134.29
 -5060.41, 11053.44
 -5310.54, 10973.39
 -5972.29, 10727.83
 -6256.57, 10603.31
 -6538.56, 10467.65
 -6857.84, 10300.65
 -7132.99, 10143.07
 -7632.55,  9831.97
 -7927.33,  9632.22
 -8208.68,  9421.41
 -8476.77,  9201.11
 -8728.76,  8972.64
 -8965.75,  8736.16
 -9292.08,  8668.72
 -9679.91,  8571.66
-10113.32,  8447.47
-10431.60,  8343.16
-10853.62,  8187.62
-11438.08,  7956.05
-11831.18,  7786.95
-12263.03,  7587.62
-12614.23,  7416.42
-12983.43,  7222.33
-13409.26,  6982.91
-13712.34,  6800.71
-14070.43,  6567.21
-14473.62,  6286.76
-14704.44,  6111.37
-15000.23,  5870.02
-15180.73,  6062.61
-15369.89,  6231.67
-15585.81,  6390.20
-15813.79,  6528.02
-16073.66,  6653.73
-16346.63,  6758.96
-16628.96,  6842.88
-16904.75,  6899.43
-17180.89,  6932.94
-17446.32,  6942.69
-17727.40,  6930.33
-17995.00,  6895.59
-18275.43,  6835.88
-18550.07,  6753.23
-18813.86,  6650.65
-19054.94,  6530.09
-19313.11,  6368.01
-19551.88,  6181.30
-19782.20,  5965.69
-19995.32,  5725.81
-20177.14,  5477.83
-20336.92,  5212.58
-20470.54,  4933.10
-20576.72,  4645.91
-20657.12,  4345.73
-20708.43,  4041.88
-20731.77,  3733.62
-20725.34,  3422.76
-20690.67,  3118.16
-20624.37,  2803.52
-20532.40,  2509.62
-20414.24,  2225.73
-20239.50,  1903.13
-20036.53,  1611.47
-19809.77,  1350.69
-19543.76,  1105.36
-19257.73,   894.72
-18944.81,   712.13
-18623.01,   567.38
-18275.07,   453.84
-18038.42,   400.41
-17791.55,   364.03
-17557.33,   347.02
-17305.73,   347.91
-17069.63,   365.82
-16822.31,   403.61
-16580.20,   459.01
-16341.73,   533.08
-16098.95,   628.78
-15863.56,   743.67
-15646.11,   870.51
-15416.62,  1028.03
-15245.29,  1166.05
-15100.65,  1306.56
-14945.28,  1485.83
-14808.44,  1671.36
-14004.68,  1174.75
-13309.19,   788.58
-12622.80,   443.12
-12276.50,   285.55
-11996.57,   169.78
-11525.15,     3.49
-10830.91,  -210.75
 -9906.81,  -435.50
 -8860.91,  -708.44
 -8423.51,  -837.66
 -8305.43,  -883.12
 -8140.22,  -960.72
 -7546.55, -1274.27
 -7314.40, -1368.31
 -7209.72, -1393.26
 -7114.87, -1398.96
 -7031.50, -1382.03
 -6983.13, -1356.49
 -7025.98, -1393.08
 -7081.66, -1465.24
 -7154.22, -1624.95
 -7214.19, -1866.46
 -7257.91, -2189.94
 -7348.99, -3171.97
 -7371.68, -3611.44
 -7366.59, -4154.40
 -7350.30, -4422.77
 -7323.62, -4685.44
 -7287.15, -4910.86
 -7228.95, -5188.51
 -6971.55, -6237.03
 -6909.27, -6581.44
 -6781.66, -7412.96
 -6683.99, -7900.54
 -6595.45, -8269.55
 -6522.17, -8527.56
 -6463.57, -8702.36
 -6117.55, -9554.75
 -5836.20,-10356.82
 -5529.78,-10300.20
 -5187.88,-10275.45
 -4828.04,-10284.73
 -4418.67,-10325.92
 -3929.47,-10400.45
 -2612.18,-10637.60
 -1959.44,-10733.71
 -1125.24,-10830.11
   522.75,-10976.12
   817.71,-11011.80
  1097.97,-11070.61
  1411.67,-11163.97
  1615.30,-11242.64
  1848.33,-11354.31
  2245.54,-10703.68
  2650.80, -9957.19
  3021.77, -9350.43
  3395.04, -8788.96
  3890.19, -8127.80
  4085.94, -7851.49
  4215.57, -7649.00
  4591.99, -7010.84
  4735.30, -6740.54
  4822.95, -6513.61
  4843.52, -6420.84
  4850.13, -6334.46
  4840.90, -6255.46
  4813.97, -6184.85
  4852.28, -6230.44
  4911.29, -6268.50
  4989.04, -6299.65
  5083.56, -6324.52
  5358.24, -6361.65
  5688.50, -6375.94
  6854.85, -6360.63
  7878.77, -6384.00
  9108.95, -6378.60
  9642.52, -6366.96
 10775.25, -6325.87
 11911.48, -6268.52
 12423.10, -6273.00
 12899.36, -6294.98
 12960.63, -6073.31
 13047.50, -5843.29
 13156.36, -5610.13
 13301.75, -5343.29
 13574.78, -4899.02
 14305.20, -3799.83
 14668.32, -3227.35
 15001.21, -2668.76
 15417.62, -1922.83
 15740.02, -1321.32
 15990.47,  -828.27
 16257.13,  -281.92
 16777.93,   823.98
 16903.66,  1058.88
 17038.99,  1284.81
 17557.95,  2066.94
 18642.96,  3806.18
 18970.28,  4290.20
 19271.46,  4699.26
 19462.58,  4938.84
 19641.69,  5147.58
 19831.46,  5351.85
 20007.78,  5525.58
 20189.93,  5687.98
 20365.19,  5828.55
 20546.47,  5956.55
 20731.77,  6070.57
 20443.21,  6676.02
 19797.17,  8135.76
 19515.36,  8711.48
 19340.57,  9019.80
 19131.33,  9350.69
 18806.71,  9835.05
 18516.16, 10236.25
 18179.55, 10665.05
 17708.76, 11212.76
 17267.01, 11270.72
 16781.50, 11317.14
 16360.30, 11343.43
 15858.45, 11354.31
 15421.64, 11346.35
 14907.90, 11321.07
 14499.82, 11286.55
 14050.96, 11233.78
 13562.24, 11159.19
 13070.91, 11072.18
 12652.94, 10985.66
 12199.36, 10879.55
 11562.45, 10715.12
 11081.47, 10581.03
 10353.22, 10354.77
  9050.10,  9908.56
  8544.24,  9746.02
  8319.76,  9322.93
  8072.83,  8888.10
  7442.30,  7902.68
  7359.16,  7806.00
  7059.39,  7563.67
  6958.28,  7451.62
  6925.81,  7389.40
  6909.53,  7321.55
  6912.55,  7246.92
  6937.99,  7164.39
  6951.99,  7134.93
逆投影した点（21x21点）：
-22351.84,-12848.62, 22156.30, 13962.50
 -45.1,  45.0, -45.1,  54.0, -45.1,  54.0, -45.1,  54.0, -45.1,  54.0, -45.1,  63.0, -45.1,  63.0, -45.1,  72.0, -45.1,  72.0, -45.1,  81.0, -45.1,  90.0, -45.1, 108.0, -45.1, 117.0, -45.1, 135.0, -45.1, 153.0, -45.1, 162.0, -45.1, 171.0, -45.1, 179.9, -45.1,-179.9, -45.1,-171.0, -45.1,-171.0
 -45.1,  45.0, -45.1,  45.0, -45.1,  45.0, -45.1,  45.0, -45.1,  45.0, -45.1,  45.0, -45.1,  54.0, -45.1,  54.0, -45.1,  54.0, -45.1,  63.0, -52.7,  74.1, -60.8,  90.1, -65.2, 115.0, -64.1, 143.2, -57.9, 164.8, -49.0, 179.3, -45.1,-171.0, -45.1,-171.0, -45.1,-162.0, -45.1,-162.0, -45.1,-162.0
 -45.0, -35.9, -45.1,  36.0, -45.1,  36.0, -45.1,  36.0, -45.1,  36.0, -45.1,  36.0, -45.1,  36.0, -45.1,  36.0, -45.1,  36.0, -49.4,  38.2, -61.5,  41.2, -73.6,  47.6, -84.6,  81.5, -80.6,-172.0, -68.8,-157.7, -56.9,-153.7, -45.1,-153.0, -45.1,-153.0, -45.1,-153.0, -36.1,-134.9, -36.1,-134.9
 -45.0, -35.9, -45.0, -35.9, -36.0, -35.9, -36.1,   8.9, -36.1,   8.9, -36.1,   8.9, -36.1,   8.9, -36.1,   8.9, -45.1,  18.0, -46.4,  11.9, -57.7,   3.5, -67.3, -12.5, -73.2, -44.4, -71.5, -84.8, -63.7,-109.4, -53.9,-121.7, -42.7,-131.4, -36.1,-134.9, -36.1,-134.9, -36.1,-134.9, -36.1,-134.9
 -45.0, -35.9, -45.0, -35.9, -36.0, -35.9, -36.0, -35.9, -27.0, -35.9, -27.1,  -0.1, -36.1,   8.9, -36.1,   8.9, -36.0,   0.0, -38.2,  -2.1, -44.8, -16.6, -50.0, -32.5, -52.7, -51.4, -52.1, -71.1, -48.6, -88.8, -43.7,-103.0, -38.1,-116.4, -36.0,-126.0, -27.0,-125.9, -27.0,-125.9, -27.0,-125.9
 -62.9, -35.9, -45.0, -35.9, -45.0, -35.9, -36.0, -35.9, -27.0, -35.9, -27.0, -35.9, -18.0, -35.9, -27.1,  -0.1, -27.1,  -0.1, -27.7, -13.5, -30.2, -26.0, -31.9, -39.2, -32.4, -53.0, -31.8, -67.1, -29.8, -80.9, -27.5, -93.4, -25.5,-104.7, -26.0,-116.0, -27.0,-125.9, -18.0,-125.9, -18.0,-125.9
 -62.9, -35.9, -54.0, -35.9, -45.0, -35.9, -45.0, -35.9, -36.0, -35.9, -27.0, -35.9, -18.0, -35.9, -15.9, -35.6, -14.2, -10.3, -12.9, -19.4, -12.3, -29.3, -12.4, -40.8, -12.1, -52.8, -11.3, -64.9, -10.2, -76.8,  -9.6, -88.1, -10.1, -99.1, -11.6,-109.6, -15.5,-120.4, -18.0,-125.9, -18.0,-125.9
 -71.9, -26.9, -62.9, -35.9, -56.0, -32.4, -46.5, -24.3, -36.4, -20.1, -26.2, -18.0, -18.6, -15.0, -10.5, -15.3,  -1.0, -15.0,   3.2, -21.7,   7.0, -29.8,   7.3, -40.1,   8.1, -51.3,   9.4, -63.0,   9.9, -75.0,   9.4, -86.9,   7.7, -98.4,   3.4,-109.1,  -1.1,-119.1,  -7.0,-129.4,  -8.9,-134.9
 -71.9,   0.0, -70.2,  -1.5, -58.9,  -0.1, -47.8,   2.3, -35.8,   3.1, -23.9,   3.6, -12.8,   3.6,  -1.9,   1.4,   8.6,  -2.5,  18.9, -10.0,  27.5, -17.4,  34.1, -27.9,  32.6, -44.4,  31.5, -59.9,  31.3, -74.9,  28.9, -89.2,  24.3,-101.7,  18.3,-112.7,  12.1,-123.5,   5.0,-132.9,   0.1,-143.9
 -71.9,  27.0, -66.8,  27.9, -55.5,  26.3, -43.2,  25.3, -31.0,  23.9, -19.0,  22.8,  -6.9,  21.5,   5.4,  19.5,  17.6,  16.1,  29.6,  11.0,  41.1,   3.3,  51.3,  -8.7,  57.2, -30.4,  56.8, -57.1,  53.7, -80.2,  47.8, -98.7,  40.5,-112.8,  32.7,-124.1,  23.1,-132.9,  14.1,-141.0,   9.0,-144.0
 -71.9,  63.0, -64.8,  54.2, -53.4,  50.1, -40.6,  47.5, -28.0,  44.5, -16.1,  42.5,  -3.6,  41.2,   9.4,  39.8,  22.8,  38.3,  36.5,  36.4,  50.2,  33.2,  63.6,  26.4,  75.9,   4.9,  80.0, -61.3,  71.9,-106.2,  61.4,-122.5,  51.1,-132.5,  39.4,-139.4,  28.7,-145.2,  17.9,-152.0,   9.1,-152.9
 -71.9,  89.9, -59.8,  85.5, -49.7,  75.1, -38.7,  68.3, -26.3,  62.9, -14.6,  61.4,  -2.6,  60.7,  10.2,  60.6,  23.1,  61.7,  36.6,  64.5,  49.3,  69.2,  61.9,  77.9,  73.0,  98.1,  77.8, 147.7,  71.5,-171.5,  61.2,-157.1,  50.1,-152.9,  38.6,-154.3,  25.9,-158.3,  18.1,-162.0,  18.1,-162.0
 -54.0,  98.9, -45.0,  98.9, -42.3,  97.9, -34.2,  88.1, -26.6,  80.4, -16.8,  77.3,  -5.6,  77.7,   5.4,  78.5,  16.6,  82.7,  27.6,  88.8,  38.0,  97.5,  47.3, 109.6,  54.2, 126.2,  57.3, 147.1,  55.6, 167.0,  51.9,-175.6,  42.5,-166.8,  28.6,-166.2,  27.0,-162.0,  27.0,-162.0,  18.1,-162.0
 -45.0,  98.9, -36.0,  98.9, -36.0,  98.9, -27.0,  63.1, -28.8,  66.0, -24.1,  81.6, -14.2,  89.6,  -4.2,  92.8,   5.3,  98.2,  13.7, 106.5,  21.9, 116.1,  29.1, 127.0,  34.7, 139.6,  38.6, 153.6,  40.0, 168.1,  42.2,-178.6,  46.9,-163.7,  54.8,-138.9,  54.0,-135.1,  54.0,-135.1,  44.9,-126.1
 -36.0,  63.1, -36.0,  63.1, -36.0,  63.1, -36.0,  63.1, -36.5,  68.2, -34.2,  82.2, -27.4,  93.6, -17.4, 100.8,  -9.8, 109.5,  -2.9, 119.2,   3.6, 129.5,   9.8, 140.5,  15.4, 152.0,  20.6, 163.9,  24.6, 176.2,  28.8,-171.9,  34.0,-159.9,  38.7,-147.3,  43.8,-135.1,  44.9,-126.1,  44.9,-126.1
 -45.0,  63.1, -45.0,  63.1, -45.0,  63.1, -45.0,  63.1, -47.5,  64.4, -46.8,  82.0, -41.7,  96.1, -33.2, 106.7, -26.2, 117.1, -20.9, 128.8, -15.1, 140.1,  -9.3, 151.3,  -3.6, 162.6,   1.9, 173.9,   7.3,-174.7,  12.4,-163.3,  17.1,-151.8,  22.8,-140.6,  28.7,-129.8,  34.7,-119.1,  35.9,-117.1
 -45.0,  63.1, -54.0,  63.0, -54.0,  63.0, -54.0,  63.0, -63.0,  72.0, -62.4,  83.0, -57.3, 100.7, -50.5, 113.6, -44.1, 125.7, -38.7, 137.8, -33.4, 150.1, -27.8, 162.1, -22.0, 173.5, -16.1,-175.5, -10.4,-164.4,  -4.4,-153.7,   2.2,-143.4,   8.6,-132.9,  14.9,-122.7,  21.8,-112.8,  26.9,-108.1
 -63.0,  72.0, -63.0,  72.0, -63.0,  72.0, -63.0,  72.0, -63.0,  63.0, -63.0,  63.0, -69.3,  77.3, -66.8, 114.5, -61.2, 135.3, -56.0, 146.9, -51.0, 160.6, -45.5, 174.6, -38.8,-172.8, -33.3,-162.4, -27.8,-152.4, -20.8,-141.7, -13.3,-131.6,  -5.6,-122.0,   2.1,-112.8,   9.9,-103.9,  17.9, -99.1
 -63.0,  72.0, -63.0,  72.0, -63.0,  63.0, -63.0,  63.0, -63.0,  63.0, -63.0,  54.0, -63.0,  54.0, -71.0,  63.5, -75.7, 108.9, -72.9, 148.4, -68.0, 171.9, -61.9,-169.1, -55.9,-156.9, -49.9,-145.6, -43.3,-135.2, -35.9,-125.6, -27.7,-116.4, -18.3,-107.9,  -9.5, -99.6,  -0.7, -91.7,   8.9, -90.1
 -63.0,  63.0, -63.1,  45.1, -63.1,  45.1, -63.1,  45.1, -63.1,  45.1, -63.1,  45.1, -63.1,  45.1, -63.1,  45.1, -74.3,  48.2, -84.5,  70.3, -83.2,-121.8, -76.5,-123.2, -70.7,-124.0, -64.6,-121.7, -57.0,-112.1, -48.0,-103.1, -38.6, -96.3, -29.3, -89.8, -19.7, -83.2,  -9.0, -81.1,  -0.1, -81.1
 -63.1,  45.1, -63.1,  45.1, -63.1,  45.1, -63.1,  45.1, -63.1,  45.1, -63.1,  45.1, -72.1,  36.0, -72.1,  27.0, -72.1,  18.0, -72.1,  -9.0, -72.1, -45.0, -63.1, -63.1, -63.1, -63.1, -63.0, -81.0, -63.0, -90.0, -54.0, -81.0, -45.0, -81.1, -36.0, -81.1, -27.0, -81.1, -18.0, -81.1,  -9.0, -81.1
